# iTOW 10185400
D 0000.159 16.6  51.9
D 0000.159 17.2  52.6
D 0000.159 16.4  52.1
D 0000.159 17.0  52.0
D 0000.158 17.1  53.0
D 0000.159 17.4  52.2
D 0000.158 16.8  53.0
D 0000.158 17.2  53.3
D 0000.158 16.7  52.6
D 0000.159 17.2  52.0
D 0000.159 17.0  52.7
D 0000.159 17.3  52.3
D 0000.159 17.2  52.3
D 0000.159 17.0  52.6
D 0000.158 16.9  52.2
D 0000.158 16.7  52.0
D 0000.158 17.1  52.6
D 0000.158 17.1  52.3
D 0000.159 16.7  52.6
D 0000.158 17.1  52.3
D 0000.158 15.8  52.8
D 0000.159 17.0  53.0
# end 10185400
# iTOW 10189600
D 0000.159 17.1  53.0
D 0000.158 17.2  52.5
D 0000.159 16.8  52.5
D 0000.158 17.3  52.5
D 0000.159 17.0  52.5
D 0000.159 17.1  52.2
D 0000.159 17.1  52.2
D 0000.159 16.8  52.5
D 0000.158 16.7  52.4
D 0000.159 16.9  52.7
D 0000.159 17.8  52.5
D 0000.159 16.9  52.2
D 0000.159 16.6  52.4
D 0000.158 16.4  52.3
D 0000.158 16.7  52.8
D 0000.159 16.8  53.1
D 0000.159 16.9  52.0
D 0000.158 17.4  52.2
D 0000.158 16.7  52.0
D 0000.159 17.0  53.1
D 0000.158 16.8  52.4
D 0000.158 16.9  52.8
# end 10189600
# iTOW 10194000
D 0000.159 17.3  51.8
D 0000.159 16.9  52.5
D 0000.159 16.9  52.6
D 0000.159 16.9  52.3
D 0000.159 16.8  52.7
D 0000.158 17.1  52.9
D 0000.158 16.2  52.7
D 0000.159 17.1  52.3
D 0000.159 16.9  52.8
D 0000.159 17.0  52.7
D 0000.158 17.0  52.1
D 0000.158 17.2  53.4
D 0000.159 16.4  52.5
D 0000.158 17.0  52.2
D 0000.159 16.8  53.1
D 0000.159 16.7  52.8
D 0000.158 16.9  52.6
D 0000.159 16.9  52.7
D 0000.159 16.7  53.5
D 0000.158 17.0  51.9
D 0000.159 17.4  52.6
D 0000.158 17.3  52.7
# end 10194000
# iTOW 10198200
D 0000.158 17.4  52.8
D 0000.159 17.2  53.1
D 0000.158 17.3  52.3
D 0000.158 17.4  52.8
D 0000.158 16.9  52.5
D 0000.159 17.2  52.3
D 0000.159 16.9  52.7
D 0000.158 16.4  52.5
D 0000.158 17.5  52.5
D 0000.159 17.1  52.3
D 0000.159 17.0  52.6
D 0000.159 16.7  52.3
D 0000.160 16.9  52.3
D 0000.158 16.9  52.7
D 0000.159 17.0  53.0
D 0000.159 17.3  51.9
D 0000.159 17.3  53.1
D 0000.159 16.8  52.6
D 0000.159 16.7  53.4
D 0000.158 17.3  52.4
D 0000.159 16.4  52.1
D 0000.158 17.0  52.0
# end 10198200
# iTOW 10202600
D 0000.159 16.4  52.7
D 0000.159 16.6  52.5
D 0000.158 16.8  52.6
D 0000.158 16.9  52.3
D 0000.159 16.6  52.5
D 0000.159 16.4  52.7
D 0000.158 17.1  52.8
D 0000.158 16.8  52.8
D 0000.159 17.1  52.2
D 0000.158 16.6  52.5
D 0000.159 17.0  52.9
D 0000.158 17.2  52.8
D 0000.159 17.4  52.2
D 0000.158 17.0  52.2
D 0000.158 16.4  52.6
D 0000.158 17.1  53.0
D 0000.159 16.9  53.1
D 0000.159 17.1  52.6
D 0000.158 17.6  52.6
D 0000.159 17.1  52.3
D 0000.159 16.9  52.2
D 0000.158 16.4  52.7
# end 10202600
# iTOW 10206800
D 0000.158 17.0  52.6
D 0000.159 17.2  52.2
D 0000.159 17.3  52.3
D 0000.159 17.0  52.5
D 0000.159 16.9  52.5
D 0000.158 17.0  52.3
D 0000.158 17.2  52.8
D 0000.158 17.2  52.9
D 0000.159 16.2  53.1
D 0000.159 16.4  52.2
D 0000.158 16.4  52.8
D 0000.159 16.8  53.0
D 0000.158 17.2  53.1
D 0000.159 17.1  53.0
D 0000.158 17.1  52.7
D 0000.158 16.2  52.2
D 0000.158 16.4  52.9
D 0000.159 17.0  52.2
D 0000.159 16.8  52.3
D 0000.159 16.4  52.0
D 0000.158 17.3  52.5
D 0000.159 16.6  52.3
# end 10206800
# iTOW 10211000
D 0000.159 17.2  52.5
D 0000.159 16.2  52.7
D 0000.158 17.0  51.9
D 0000.158 16.2  53.0
D 0000.159 17.4  53.2
D 0000.159 17.3  53.0
D 0000.159 16.9  52.2
D 0000.158 16.9  52.4
D 0000.158 17.2  52.3
D 0000.159 17.2  52.6
D 0000.158 17.1  52.0
D 0000.158 16.9  53.3
D 0000.158 17.2  52.8
D 0000.158 17.2  52.3
D 0000.159 16.9  53.3
D 0000.159 16.8  52.5
D 0000.159 16.8  52.6
D 0000.158 16.8  52.2
D 0000.158 17.4  52.7
D 0000.158 16.8  53.0
D 0000.159 16.7  52.1
D 0000.159 17.3  52.8
# end 10211000
# iTOW 10215400
D 0000.159 17.0  52.8
D 0000.158 17.1  52.8
D 0000.159 16.4  52.6
D 0000.158 17.2  52.6
D 0000.159 16.7  52.6
D 0000.158 17.1  52.8
D 0000.158 16.7  52.8
D 0000.159 16.8  52.6
D 0000.159 15.9  51.7
D 0000.159 16.8  52.3
D 0000.159 16.9  53.0
D 0000.158 17.0  52.8
D 0000.159 16.8  52.8
D 0000.159 17.4  52.5
D 0000.158 17.1  52.6
D 0000.159 17.1  53.0
D 0000.158 16.7  52.6
D 0000.159 16.7  52.4
D 0000.159 16.8  52.3
D 0000.159 17.2  52.3
D 0000.158 16.8  51.7
D 0000.158 17.2  52.8
# end 10215400
# iTOW 10219600
D 0000.159 16.7  52.9
D 0000.158 16.8  52.5
D 0000.158 17.0  51.7
D 0000.159 16.9  53.3
D 0000.158 17.3  52.2
D 0000.158 16.7  52.3
D 0000.158 17.4  52.7
D 0000.159 17.2  52.6
D 0000.159 16.8  52.3
D 0000.159 16.7  52.3
D 0000.159 17.0  51.8
D 0000.159 16.7  53.0
D 0000.158 16.9  52.5
D 0000.158 17.0  52.5
D 0000.158 16.9  52.2
D 0000.158 17.1  52.1
D 0000.159 16.8  52.1
D 0000.159 16.1  52.0
D 0000.158 16.1  52.6
D 0000.159 16.8  52.3
D 0000.159 17.1  52.5
D 0000.159 17.1  52.3
# end 10219600
# iTOW 10224000
D 0000.159 16.8  52.6
D 0000.158 16.6  52.3
D 0000.159 17.3  52.5
D 0000.158 16.1  52.6
D 0000.158 17.3  52.2
D 0000.158 17.0  52.6
D 0000.159 16.7  52.8
D 0000.159 16.7  52.6
D 0000.159 17.0  52.0
D 0000.158 16.7  52.6
D 0000.159 16.7  52.7
D 0000.159 16.8  52.1
D 0000.158 17.2  52.8
D 0000.159 17.3  52.8
D 0000.158 16.6  52.1
D 0000.158 17.2  53.1
D 0000.158 17.0  52.6
D 0000.158 16.9  52.6
D 0000.158 17.0  52.7
D 0000.159 17.2  52.4
D 0000.159 16.6  52.6
D 0000.158 17.2  53.2
# end 10224000
# iTOW 10228200
D 0000.158 17.6  52.5
D 0000.159 16.9  52.0
D 0000.158 17.2  53.0
D 0000.158 16.4  52.8
D 0000.159 17.2  52.0
D 0000.158 16.4  52.5
D 0000.158 17.5  53.1
D 0000.158 16.9  52.7
D 0000.158 16.2  52.5
D 0000.158 17.0  52.6
D 0000.159 17.4  52.7
D 0000.159 16.9  52.9
D 0000.158 16.9  52.2
D 0000.159 17.4  53.3
D 0000.159 17.1  53.0
D 0000.159 17.2  52.6
D 0000.159 16.4  52.5
D 0000.159 17.0  52.4
D 0000.158 16.7  53.1
D 0000.158 17.3  52.2
D 0000.158 17.2  52.4
D 0000.159 16.6  52.2
# end 10228200
# iTOW 10232400
D 0000.159 16.4  52.7
D 0000.158 16.7  53.1
D 0000.158 16.1  52.4
D 0000.158 16.7  52.8
D 0000.159 16.8  52.8
D 0000.159 16.8  52.3
D 0000.159 16.9  52.7
D 0000.159 17.0  52.3
D 0000.158 17.0  52.7
D 0000.158 17.1  52.4
D 0000.158 16.8  53.0
D 0000.159 16.6  52.8
D 0000.159 17.2  52.6
D 0000.159 17.1  52.6
D 0000.159 16.8  52.4
D 0000.158 15.9  52.6
D 0000.160 17.0  52.7
D 0000.158 17.2  52.8
D 0000.159 17.0  52.1
D 0000.158 17.2  52.0
D 0000.159 16.9  52.3
D 0000.159 17.1  51.8
# end 10232400
# iTOW 10236800
D 0000.158 16.4  52.7
D 0000.159 17.3  52.0
D 0000.159 17.2  52.5
D 0000.159 17.2  52.1
D 0000.159 17.0  52.1
D 0000.159 17.0  52.5
D 0000.159 17.0  52.2
D 0000.159 17.2  52.5
D 0000.158 16.4  52.0
D 0000.159 17.5  52.1
D 0000.158 17.1  52.7
D 0000.158 16.8  52.3
D 0000.159 17.0  52.5
D 0000.158 17.0  52.7
D 0000.159 16.8  52.9
D 0000.159 16.9  52.5
D 0000.158 17.0  52.1
D 0000.159 17.2  52.5
D 0000.159 16.4  51.8
D 0000.159 17.0  53.0
D 0000.158 17.0  52.6
D 0000.159 16.8  52.6
# end 10236800
# iTOW 10241000
D 0000.159 16.4  51.9
D 0000.159 16.9  52.0
D 0000.158 17.2  52.1
D 0000.158 17.2  52.7
D 0000.158 16.8  52.3
D 0000.159 17.0  52.5
D 0000.158 17.2  52.3
D 0000.158 16.8  52.5
D 0000.158 16.2  52.2
D 0000.159 16.2  52.8
D 0000.159 17.1  52.4
D 0000.159 17.3  52.5
D 0000.159 16.6  52.6
D 0000.158 17.0  52.3
D 0000.159 16.7  52.4
D 0000.158 16.6  52.6
D 0000.159 16.9  52.8
D 0000.159 16.4  53.1
D 0000.158 16.9  52.0
D 0000.159 17.0  52.6
D 0000.158 17.0  52.9
D 0000.159 17.2  52.2
# end 10241000
# iTOW 10245400
D 0000.159 16.7  51.9
D 0000.159 16.7  52.3
D 0000.158 17.5  52.7
D 0000.158 16.8  52.3
D 0000.158 16.9  52.1
D 0000.158 16.1  52.2
D 0000.158 16.2  52.5
D 0000.159 16.9  52.6
D 0000.159 17.0  52.5
D 0000.159 17.3  52.1
D 0000.158 17.4  52.8
D 0000.158 16.8  52.3
D 0000.159 17.0  52.6
D 0000.159 17.4  53.3
D 0000.159 16.9  52.3
D 0000.158 17.0  52.8
D 0000.159 16.7  52.5
D 0000.158 17.0  52.6
D 0000.159 16.8  52.8
D 0000.158 17.0  52.2
D 0000.158 16.4  52.8
D 0000.158 16.8  53.0
# end 10245400
# iTOW 10249600
D 0000.158 16.4  52.8
D 0000.158 17.1  52.4
D 0000.158 16.4  52.3
D 0000.158 16.7  52.6
D 0000.158 17.1  52.4
D 0000.158 17.5  52.3
D 0000.158 17.2  52.9
D 0000.159 16.9  52.0
D 0000.159 16.2  51.7
D 0000.159 16.9  52.5
D 0000.158 17.0  52.8
D 0000.159 16.8  52.3
D 0000.158 16.4  52.5
D 0000.159 16.4  52.1
D 0000.158 16.4  53.2
D 0000.158 17.0  53.0
D 0000.158 17.3  53.0
D 0000.159 16.9  52.7
D 0000.159 16.4  52.1
D 0000.159 17.0  53.0
D 0000.158 16.9  51.9
D 0000.159 16.9  52.8
# end 10249600
# iTOW 10254000
D 0000.158 17.3  52.7
D 0000.159 17.0  52.9
D 0000.158 16.7  52.3
D 0000.158 17.0  52.5
D 0000.158 17.3  52.5
D 0000.158 16.9  52.6
D 0000.158 16.4  52.2
D 0000.158 17.1  52.5
D 0000.158 17.3  52.5
D 0000.159 17.0  52.6
D 0000.159 17.2  51.8
D 0000.159 16.8  52.1
D 0000.159 17.2  52.3
D 0000.158 17.1  52.3
D 0000.159 17.3  52.3
D 0000.158 17.0  52.7
D 0000.158 16.8  52.6
D 0000.158 16.4  52.4
D 0000.158 17.0  52.2
D 0000.158 17.0  52.8
D 0000.159 16.6  52.2
D 0000.159 17.1  52.0
# end 10254000
# iTOW 10258200
D 0000.159 16.8  52.5
D 0000.159 17.0  52.3
D 0000.159 17.1  52.5
D 0000.158 17.0  52.5
D 0000.158 16.7  52.2
D 0000.158 17.2  53.0
D 0000.158 17.2  52.6
D 0000.158 16.7  52.5
D 0000.158 16.6  52.7
D 0000.158 16.6  52.8
D 0000.158 17.0  51.7
D 0000.159 16.2  51.9
D 0000.159 17.1  52.6
D 0000.159 17.2  53.3
D 0000.159 17.0  52.5
D 0000.159 17.1  53.3
D 0000.159 17.2  52.3
D 0000.159 16.2  51.9
D 0000.159 16.8  52.8
D 0000.159 17.0  52.8
D 0000.158 17.0  52.3
D 0000.158 17.0  52.6
# end 10258200
# iTOW 10262600
D 0000.159 16.4  52.0
D 0000.158 16.4  52.3
D 0000.158 17.2  53.1
D 0000.158 16.4  52.6
D 0000.158 17.4  52.5
D 0000.159 17.1  52.6
D 0000.159 16.2  52.3
D 0000.159 17.3  52.7
D 0000.159 17.2  52.7
D 0000.158 17.2  53.1
D 0000.159 17.1  52.5
D 0000.158 17.1  52.7
D 0000.159 17.0  52.5
D 0000.158 17.3  52.7
D 0000.158 17.1  52.5
D 0000.159 16.9  52.6
D 0000.159 17.2  52.8
D 0000.159 17.1  52.4
D 0000.158 17.2  52.3
D 0000.158 16.4  52.2
D 0000.159 17.2  52.3
D 0000.158 17.1  52.5
# end 10262600
# iTOW 10266800
D 0000.159 17.1  52.3
D 0000.158 16.9  52.1
D 0000.158 17.2  52.8
D 0000.159 16.8  52.5
D 0000.159 16.9  53.4
D 0000.159 17.2  53.0
D 0000.158 16.9  52.3
D 0000.158 17.0  52.5
D 0000.159 17.2  52.1
D 0000.158 17.2  52.0
D 0000.158 17.1  52.7
D 0000.158 17.2  52.6
D 0000.158 17.1  52.6
D 0000.158 17.3  53.1
D 0000.159 17.0  52.6
D 0000.158 16.4  52.3
D 0000.158 16.1  52.8
D 0000.158 16.6  52.8
D 0000.159 16.8  52.5
D 0000.158 17.2  52.3
D 0000.158 17.0  53.0
D 0000.159 17.1  53.3
# end 10266800
# iTOW 10271000
D 0000.159 17.2  52.5
D 0000.158 17.1  52.6
D 0000.158 17.5  53.0
D 0000.159 17.1  52.6
D 0000.159 17.0  52.9
D 0000.158 17.0  52.3
D 0000.159 17.2  53.1
D 0000.158 17.6  52.5
D 0000.159 17.2  52.1
D 0000.158 17.3  52.7
D 0000.158 16.8  52.5
D 0000.159 17.1  53.1
D 0000.159 16.8  53.1
D 0000.158 17.4  52.1
D 0000.158 16.8  52.3
D 0000.158 16.2  53.1
D 0000.159 17.5  52.3
D 0000.159 16.2  52.3
D 0000.158 16.4  52.3
D 0000.158 16.4  52.9
D 0000.159 16.8  52.2
D 0000.158 17.0  52.3
# end 10271000
# iTOW 10275400
D 0000.159 16.6  52.7
D 0000.158 17.0  52.5
D 0000.158 17.1  51.8
D 0000.159 16.4  52.9
D 0000.159 16.8  52.7
D 0000.159 16.9  52.2
D 0000.159 17.4  52.8
D 0000.158 17.2  53.1
D 0000.158 17.1  52.5
D 0000.158 17.0  52.2
D 0000.158 16.4  52.0
D 0000.159 16.8  52.4
D 0000.158 17.3  52.3
D 0000.159 17.0  52.0
D 0000.158 16.9  53.0
D 0000.158 17.3  52.4
D 0000.158 16.6  53.3
D 0000.159 17.1  52.5
D 0000.158 17.0  52.5
D 0000.159 16.6  52.5
D 0000.159 16.7  52.9
D 0000.159 16.9  52.9
# end 10275400
# iTOW 10279600
D 0000.158 17.2  52.7
D 0000.158 17.1  52.6
D 0000.159 16.2  52.5
D 0000.159 16.7  52.2
D 0000.159 16.7  52.2
D 0000.158 17.0  52.7
D 0000.158 17.0  52.5
D 0000.158 17.2  52.3
D 0000.158 16.7  53.1
D 0000.159 16.8  52.2
D 0000.159 16.7  52.3
D 0000.158 17.1  52.3
D 0000.159 17.0  53.0
D 0000.158 16.4  52.5
D 0000.159 17.6  52.5
D 0000.158 17.6  52.1
D 0000.158 16.8  52.6
D 0000.159 17.1  52.9
D 0000.158 16.8  53.1
D 0000.159 17.0  52.5
D 0000.159 17.2  52.5
D 0000.159 16.4  52.6
# end 10279600
# iTOW 10284000
D 0000.158 16.7  52.2
D 0000.159 16.6  52.4
D 0000.159 16.7  52.8
D 0000.158 17.0  53.0
D 0000.159 17.0  52.7
D 0000.158 16.9  52.0
D 0000.159 17.3  52.5
D 0000.159 17.2  51.6
D 0000.159 17.0  52.4
D 0000.159 16.9  52.6
D 0000.159 17.2  53.0
D 0000.159 17.2  51.7
D 0000.159 16.9  52.1
D 0000.159 17.1  53.1
D 0000.158 17.1  52.5
D 0000.158 17.3  52.7
D 0000.159 17.2  52.2
D 0000.159 17.1  53.0
D 0000.159 16.1  52.6
D 0000.158 16.7  52.9
D 0000.158 16.9  53.3
D 0000.159 17.1  52.7
# end 10284000
# iTOW 10288200
D 0000.159 16.9  52.8
D 0000.159 17.0  51.6
D 0000.158 16.7  52.6
D 0000.159 17.2  52.6
D 0000.158 16.7  52.4
D 0000.158 17.1  52.7
D 0000.159 16.2  52.5
D 0000.158 17.0  52.5
D 0000.158 17.4  52.1
D 0000.159 17.6  52.6
D 0000.159 17.0  52.6
D 0000.159 16.8  52.9
D 0000.158 17.2  52.2
D 0000.159 16.2  53.1
D 0000.159 17.3  52.2
D 0000.159 16.6  53.1
D 0000.159 17.0  53.1
D 0000.158 16.6  53.3
D 0000.159 17.0  52.0
D 0000.159 17.1  52.6
D 0000.159 17.1  52.4
D 0000.159 16.9  52.5
# end 10288200
# iTOW 10292600
D 0000.159 16.6  52.5
D 0000.158 17.2  52.7
D 0000.158 17.0  52.5
D 0000.158 17.3  51.9
D 0000.158 17.2  52.6
D 0000.159 16.8  53.1
D 0000.158 16.8  52.0
D 0000.158 16.6  51.7
D 0000.159 16.8  51.9
D 0000.159 16.7  51.7
D 0000.159 17.0  52.8
D 0000.158 17.0  52.7
D 0000.158 17.0  52.1
D 0000.158 17.0  52.4
D 0000.158 17.0  52.2
D 0000.159 16.4  53.0
D 0000.158 16.6  52.2
D 0000.158 16.9  52.1
D 0000.158 17.1  52.0
D 0000.159 17.0  52.8
D 0000.158 17.2  52.8
D 0000.159 17.5  52.0
# end 10292600
# iTOW 10311400
D 0000.159 16.8  52.7
D 0000.159 16.9  52.3
D 0000.159 16.8  53.1
D 0000.159 17.1  52.0
D 0000.159 17.1  52.2
D 0000.159 16.9  53.0
D 0000.159 17.1  52.2
D 0000.158 16.8  53.3
D 0000.158 16.9  52.8
D 0000.159 17.2  52.3
D 0000.158 17.0  51.9
D 0000.159 16.4  52.7
D 0000.158 16.2  52.4
D 0000.159 16.1  52.7
D 0000.158 16.9  52.2
D 0000.158 16.7  52.3
D 0000.158 17.0  53.0
D 0000.159 17.3  52.0
D 0000.159 17.3  53.3
D 0000.159 17.5  52.6
D 0000.158 17.0  52.3
D 0000.159 17.1  52.1
# end 10311400
# iTOW 10315600
D 0000.158 17.0  52.2
D 0000.158 16.8  51.7
D 0000.159 17.0  52.5
D 0000.158 16.9  52.5
D 0000.159 17.0  51.8
D 0000.158 16.7  52.7
D 0000.159 16.7  53.0
D 0000.159 16.7  53.2
D 0000.158 17.3  52.2
D 0000.159 15.8  52.6
D 0000.158 17.1  52.3
D 0000.158 16.2  52.8
D 0000.159 17.0  51.7
D 0000.159 16.4  52.4
D 0000.159 17.3  52.1
D 0000.159 17.0  52.4
D 0000.158 17.1  53.1
D 0000.159 16.2  52.7
D 0000.158 17.1  53.0
D 0000.159 16.9  52.6
D 0000.159 16.6  52.0
D 0000.158 17.0  52.8
# end 10315600
# iTOW 10320000
D 0000.159 16.6  52.2
D 0000.159 16.7  53.2
D 0000.159 17.2  52.3
D 0000.159 17.0  52.1
D 0000.158 16.9  52.6
D 0000.158 16.6  52.5
D 0000.159 17.2  52.9
D 0000.159 17.0  52.7
D 0000.159 17.2  52.7
D 0000.159 16.4  52.6
D 0000.159 17.1  52.6
D 0000.158 17.2  51.9
D 0000.159 17.3  52.4
D 0000.158 16.4  52.7
D 0000.158 16.2  52.5
D 0000.159 16.9  52.7
D 0000.158 17.2  52.3
D 0000.158 17.3  52.5
D 0000.158 16.8  52.2
D 0000.159 17.1  52.2
D 0000.158 16.4  52.7
D 0000.158 16.4  53.0
# end 10320000
# iTOW 10336600
D 0000.159 16.7  52.5
D 0000.159 16.1  53.1
D 0000.159 17.2  52.5
D 0000.158 15.9  52.2
D 0000.158 17.0  53.2
D 0000.159 17.2  52.5
D 0000.158 16.6  52.0
D 0000.159 17.0  52.8
D 0000.159 17.1  52.3
D 0000.158 16.4  52.0
D 0000.159 17.0  52.3
D 0000.158 16.8  52.7
D 0000.158 16.7  52.7
D 0000.158 16.8  52.2
D 0000.159 17.0  52.5
D 0000.158 17.0  53.0
D 0000.159 17.1  52.5
D 0000.159 17.1  52.2
D 0000.158 16.9  52.1
D 0000.158 17.2  52.5
D 0000.158 16.2  52.3
D 0000.159 16.7  52.5
# end 10336600
# iTOW 10340800
D 0000.159 16.7  52.3
D 0000.159 17.3  52.2
D 0000.158 17.0  53.0
D 0000.158 17.4  52.2
D 0000.158 17.4  52.3
D 0000.158 17.0  52.7
D 0000.158 17.3  52.2
D 0000.159 16.4  52.8
D 0000.158 17.2  52.6
D 0000.159 16.9  52.3
D 0000.159 16.4  52.2
D 0000.158 16.6  52.9
D 0000.159 16.4  52.6
D 0000.158 17.3  52.8
D 0000.158 17.2  52.0
D 0000.158 17.1  52.2
D 0000.158 16.7  52.6
D 0000.158 17.1  52.7
D 0000.159 16.2  53.0
D 0000.159 16.9  52.7
D 0000.159 17.3  52.2
D 0000.158 16.8  53.0
# end 10340800
# iTOW 10345000
D 0000.159 16.9  52.7
D 0000.159 17.0  52.5
D 0000.158 16.8  53.1
D 0000.158 17.3  52.5
D 0000.159 16.4  52.4
D 0000.158 16.4  52.8
D 0000.158 16.8  51.9
D 0000.158 16.9  52.7
D 0000.158 16.8  52.8
D 0000.158 16.9  52.5
D 0000.159 16.9  52.3
D 0000.158 17.0  52.1
D 0000.158 17.1  51.8
D 0000.158 16.6  52.4
D 0000.158 16.4  52.4
D 0000.158 17.3  52.9
D 0000.159 16.6  52.4
D 0000.158 17.3  52.1
D 0000.158 16.4  51.7
D 0000.158 17.2  52.7
D 0000.159 16.9  52.3
D 0000.158 16.6  52.3
# end 10345000
# iTOW 10349400
D 0000.159 17.1  52.3
D 0000.159 17.1  52.6
D 0000.158 17.2  53.1
D 0000.159 16.9  52.2
D 0000.159 16.9  52.3
D 0000.159 17.3  51.7
D 0000.158 17.3  52.2
D 0000.159 17.1  52.5
D 0000.158 16.8  52.4
D 0000.159 17.0  52.7
D 0000.159 17.1  52.8
D 0000.159 17.1  51.9
D 0000.158 16.8  52.2
D 0000.159 17.1  52.0
D 0000.158 16.7  52.0
D 0000.159 17.0  52.5
D 0000.159 17.2  52.3
D 0000.158 16.7  53.1
D 0000.158 17.0  52.7
D 0000.159 16.9  52.6
D 0000.158 16.8  52.4
D 0000.158 17.0  52.8
# end 10349400
# iTOW 10353600
D 0000.158 17.0  52.9
D 0000.158 16.8  52.7
D 0000.159 16.9  51.7
D 0000.158 17.1  52.3
D 0000.158 16.8  52.7
D 0000.158 17.1  53.2
D 0000.158 17.2  51.5
D 0000.158 17.0  52.7
D 0000.158 16.6  52.6
D 0000.158 17.5  51.7
D 0000.159 16.7  51.8
D 0000.158 17.2  52.3
D 0000.159 17.2  51.9
D 0000.158 17.3  52.8
D 0000.159 17.2  52.6
D 0000.158 17.1  52.8
D 0000.158 17.0  52.8
D 0000.159 16.9  52.6
D 0000.159 17.0  52.3
D 0000.159 16.9  52.1
D 0000.159 16.4  52.1
D 0000.159 17.1  52.5
# end 10353600
# iTOW 10357800
D 0000.159 16.9  52.0
D 0000.159 17.3  52.0
D 0000.159 16.6  52.8
D 0000.158 16.4  51.7
D 0000.159 17.1  52.2
D 0000.158 17.0  52.0
D 0000.159 16.7  53.0
D 0000.159 17.0  52.7
D 0000.159 17.3  51.9
D 0000.158 17.5  52.7
D 0000.159 16.9  52.3
D 0000.159 16.9  53.1
D 0000.159 17.1  52.2
D 0000.159 17.0  52.8
D 0000.158 17.2  51.9
D 0000.159 16.7  52.4
D 0000.159 17.1  52.0
D 0000.159 16.8  52.2
D 0000.159 16.9  52.7
D 0000.158 16.8  52.0
D 0000.159 17.0  52.0
D 0000.158 16.8  52.0
# end 10357800
# iTOW 10362200
D 0000.158 17.3  52.7
D 0000.158 17.3  52.8
D 0000.158 17.6  52.8
D 0000.158 17.3  51.9
D 0000.159 17.0  52.7
D 0000.159 17.1  52.7
D 0000.158 17.0  52.9
D 0000.158 16.4  51.7
D 0000.158 16.9  52.2
D 0000.159 17.1  52.5
D 0000.159 17.2  52.8
D 0000.158 17.0  52.5
D 0000.158 16.8  52.6
D 0000.159 16.9  52.7
D 0000.159 15.9  52.0
D 0000.159 16.9  52.1
D 0000.159 16.8  52.8
D 0000.158 16.8  52.7
D 0000.158 17.3  52.0
D 0000.159 17.1  52.3
D 0000.159 17.7  52.0
D 0000.159 16.4  51.5
# end 10362200
# iTOW 10366600
D 0000.158 17.2  51.7
D 0000.159 16.4  53.0
D 0000.159 16.9  52.2
D 0000.158 16.2  52.8
D 0000.159 16.4  52.7
D 0000.159 17.2  52.4
D 0000.159 17.4  52.2
D 0000.159 16.8  52.3
D 0000.159 17.0  52.2
D 0000.158 16.1  52.5
D 0000.158 16.8  52.8
D 0000.158 17.0  52.2
D 0000.159 17.1  51.9
D 0000.159 16.8  52.7
D 0000.159 17.1  52.3
D 0000.159 16.9  53.1
D 0000.159 17.2  52.6
D 0000.158 16.4  52.1
D 0000.158 16.2  52.7
D 0000.158 17.0  52.1
D 0000.159 17.2  53.0
D 0000.158 17.3  52.5
# end 10366600
# iTOW 10370800
D 0000.159 17.1  52.8
D 0000.159 17.4  52.9
D 0000.159 17.0  53.1
D 0000.159 17.3  51.9
D 0000.158 17.0  52.6
D 0000.159 16.8  52.5
D 0000.159 17.3  52.3
D 0000.158 16.8  52.3
D 0000.158 17.0  52.5
D 0000.158 17.1  52.3
D 0000.159 17.4  52.2
D 0000.159 16.9  52.7
D 0000.159 17.2  52.5
D 0000.158 17.0  52.5
D 0000.159 17.0  52.5
D 0000.158 17.0  52.6
D 0000.159 16.6  52.6
D 0000.159 17.2  52.2
D 0000.158 17.0  52.5
D 0000.159 17.1  53.0
D 0000.158 17.0  51.8
D 0000.159 17.3  51.9
# end 10370800
# iTOW 10375000
D 0000.158 16.4  52.0
D 0000.159 17.0  52.7
D 0000.158 17.4  52.0
D 0000.159 16.9  52.8
D 0000.159 16.8  52.2
D 0000.159 17.3  52.0
D 0000.158 17.0  51.9
D 0000.158 17.1  51.7
D 0000.159 17.4  52.1
D 0000.158 16.6  52.5
D 0000.159 17.0  52.3
D 0000.158 17.0  52.8
D 0000.159 17.3  52.3
D 0000.159 17.2  52.7
D 0000.159 17.1  52.4
D 0000.158 16.7  52.1
D 0000.159 16.8  53.1
D 0000.159 16.7  52.2
D 0000.158 17.2  52.1
D 0000.158 17.1  52.6
D 0000.158 16.9  52.7
D 0000.158 17.2  52.5
# end 10375000
# iTOW 10379400
D 0000.159 17.2  52.5
D 0000.159 16.7  52.4
D 0000.158 17.1  52.8
D 0000.158 17.0  52.6
D 0000.158 16.4  52.7
D 0000.159 17.1  52.4
D 0000.159 17.3  51.5
D 0000.159 16.4  52.3
D 0000.158 16.8  51.9
D 0000.158 17.2  52.3
D 0000.159 17.2  52.9
D 0000.158 17.0  52.8
D 0000.159 16.4  52.3
D 0000.158 16.8  52.1
D 0000.159 17.2  52.3
D 0000.158 16.6  52.2
D 0000.159 17.2  52.8
D 0000.159 17.0  51.7
D 0000.159 17.2  51.8
D 0000.159 16.1  52.6
D 0000.158 16.6  51.7
D 0000.158 16.7  51.7
# end 10379400
# iTOW 10383600
D 0000.158 17.0  52.7
D 0000.158 17.5  52.6
D 0000.158 16.8  52.6
D 0000.159 16.8  52.0
D 0000.158 17.2  52.2
D 0000.159 17.0  52.6
D 0000.158 16.7  52.5
D 0000.158 17.2  53.1
D 0000.158 17.3  53.0
D 0000.159 16.9  52.7
D 0000.159 16.6  52.5
D 0000.159 16.8  52.6
D 0000.158 16.9  52.5
D 0000.159 17.3  52.0
D 0000.159 17.3  52.1
D 0000.159 16.2  52.6
D 0000.158 17.0  52.8
D 0000.158 16.9  52.0
D 0000.158 17.0  51.5
D 0000.159 16.8  52.7
D 0000.159 17.1  52.2
D 0000.159 16.4  52.0
# end 10383600
# iTOW 10388000
D 0000.159 16.4  52.5
D 0000.159 16.9  52.7
D 0000.159 17.0  52.9
D 0000.159 17.0  52.2
D 0000.158 16.4  52.2
D 0000.159 16.6  52.5
D 0000.159 16.8  52.2
D 0000.159 16.9  52.5
D 0000.159 17.1  51.9
D 0000.158 17.6  52.2
D 0000.158 16.8  52.6
D 0000.159 17.4  53.0
D 0000.159 16.4  52.3
D 0000.159 16.9  51.9
D 0000.158 16.4  51.9
D 0000.158 16.7  52.2
D 0000.159 17.0  52.5
D 0000.159 15.9  53.0
D 0000.159 16.4  52.7
D 0000.158 17.0  52.8
D 0000.158 17.1  52.8
D 0000.159 17.1  52.1
# end 10388000
# iTOW 10392200
D 0000.158 17.1  53.0
D 0000.158 17.5  52.0
D 0000.159 17.1  52.3
D 0000.158 17.4  52.5
D 0000.158 17.0  52.3
D 0000.158 16.7  52.0
D 0000.159 16.9  52.5
D 0000.158 17.1  52.5
D 0000.158 16.4  52.2
D 0000.159 17.7  51.7
D 0000.159 16.7  52.5
D 0000.158 17.2  52.5
D 0000.158 16.8  53.0
D 0000.158 17.2  52.6
D 0000.159 17.0  52.6
D 0000.159 16.8  52.3
D 0000.159 16.6  52.1
D 0000.158 17.2  53.0
D 0000.158 16.9  52.6
D 0000.159 17.0  53.3
D 0000.158 17.0  52.0
D 0000.159 16.8  52.6
# end 10392200
# iTOW 10396400
D 0000.158 16.9  53.0
D 0000.158 17.3  52.0
D 0000.159 16.9  52.8
D 0000.158 17.2  52.6
D 0000.158 17.1  52.3
D 0000.159 16.9  52.4
D 0000.158 16.6  52.1
D 0000.158 17.5  53.1
D 0000.159 16.8  52.1
D 0000.159 17.4  52.5
D 0000.159 16.4  52.6
D 0000.159 17.0  52.1
D 0000.159 17.2  52.1
D 0000.159 16.8  52.3
D 0000.158 16.4  52.5
D 0000.158 17.0  52.5
D 0000.159 16.8  52.1
D 0000.158 16.1  52.2
D 0000.158 16.8  52.8
D 0000.158 16.4  52.5
D 0000.158 16.2  52.3
D 0000.158 17.1  53.0
# end 10396400
# iTOW 10400800
D 0000.158 17.3  52.8
D 0000.159 17.1  52.2
D 0000.159 17.2  52.5
D 0000.159 17.1  51.8
D 0000.159 16.4  52.8
D 0000.158 17.1  52.1
D 0000.159 17.0  52.3
D 0000.159 17.0  53.0
D 0000.159 17.1  52.3
D 0000.158 17.1  52.2
D 0000.159 17.2  52.4
D 0000.158 16.4  51.9
D 0000.159 16.9  52.9
D 0000.158 17.4  52.4
D 0000.159 17.0  52.7
D 0000.159 17.3  52.2
D 0000.159 16.8  52.6
D 0000.158 16.9  52.2
D 0000.159 17.1  52.8
D 0000.158 16.2  53.0
D 0000.159 17.1  51.9
D 0000.159 17.2  52.0
# end 10400800
# iTOW 10405000
D 0000.159 17.0  52.6
D 0000.158 17.2  52.5
D 0000.158 17.1  52.3
D 0000.159 17.0  52.7
D 0000.158 16.4  52.0
D 0000.159 17.0  52.5
D 0000.158 17.2  52.8
D 0000.159 16.0  52.3
D 0000.158 16.8  52.4
D 0000.159 16.9  52.2
D 0000.159 17.1  52.1
D 0000.158 16.8  52.5
D 0000.159 17.0  52.5
D 0000.158 16.9  52.0
D 0000.159 16.8  52.0
D 0000.159 16.9  52.2
D 0000.159 17.2  53.1
D 0000.159 16.6  52.2
D 0000.159 16.9  52.3
D 0000.159 17.0  52.2
D 0000.158 16.4  51.9
D 0000.158 16.4  52.4
# end 10405000
# iTOW 10409400
D 0000.159 17.3  52.0
D 0000.158 15.9  53.1
D 0000.159 15.9  52.8
D 0000.158 17.2  52.2
D 0000.158 16.4  51.9
D 0000.159 17.1  52.3
D 0000.158 16.9  52.7
D 0000.159 16.8  52.3
D 0000.159 17.2  52.6
D 0000.158 17.2  52.8
D 0000.159 17.0  51.9
D 0000.158 16.1  52.7
D 0000.158 16.2  52.4
D 0000.158 16.4  52.6
D 0000.158 16.9  52.0
D 0000.159 17.2  52.3
D 0000.159 17.2  52.8
D 0000.159 17.0  52.3
D 0000.159 17.0  51.9
D 0000.159 17.0  52.6
D 0000.158 16.9  52.3
D 0000.159 16.9  51.5
# end 10409400
# iTOW 10413600
D 0000.158 17.1  52.5
D 0000.159 16.4  52.8
D 0000.159 17.0  52.1
D 0000.159 17.4  52.1
D 0000.158 16.9  52.2
D 0000.159 16.8  52.0
D 0000.159 17.2  52.7
D 0000.158 16.4  52.4
D 0000.158 17.2  52.2
D 0000.158 17.1  52.4
D 0000.159 16.4  52.8
D 0000.159 17.2  52.5
D 0000.159 16.9  52.2
D 0000.158 17.0  52.1
D 0000.158 17.4  52.8
D 0000.158 16.7  52.3
D 0000.159 16.9  52.8
D 0000.158 16.7  52.5
D 0000.158 17.2  52.2
D 0000.158 17.3  52.4
D 0000.158 17.0  52.6
D 0000.158 17.0  52.4
# end 10413600
# iTOW 10418000
D 0000.159 17.3  52.2
D 0000.158 16.9  52.2
D 0000.159 16.8  52.3
D 0000.158 17.0  52.1
D 0000.158 17.3  52.8
D 0000.158 16.8  51.7
D 0000.158 17.1  52.7
D 0000.159 17.2  52.7
D 0000.158 17.2  52.2
D 0000.159 17.2  52.3
D 0000.158 16.8  52.5
D 0000.159 17.2  52.2
D 0000.158 17.2  53.0
D 0000.159 17.0  52.3
D 0000.158 16.9  52.5
D 0000.159 17.2  52.3
D 0000.158 16.7  52.5
D 0000.159 17.0  52.1
D 0000.158 17.2  52.3
D 0000.159 17.1  52.6
D 0000.158 17.0  51.6
D 0000.158 17.2  51.9
# end 10418000
# iTOW 10422200
D 0000.159 15.9  52.6
D 0000.159 17.2  52.1
D 0000.158 17.0  52.2
D 0000.158 17.0  52.1
D 0000.158 17.4  52.2
D 0000.159 17.2  52.3
D 0000.158 17.1  52.7
D 0000.158 16.7  52.0
D 0000.159 16.6  52.5
D 0000.158 16.9  51.9
D 0000.158 16.9  51.9
D 0000.158 17.0  52.8
D 0000.158 16.2  52.6
D 0000.159 17.1  51.5
D 0000.158 16.7  52.1
D 0000.159 17.2  52.4
D 0000.159 17.0  52.5
D 0000.159 16.9  51.7
D 0000.158 17.2  52.0
D 0000.158 17.1  52.4
D 0000.159 16.8  52.4
D 0000.159 17.1  52.1
# end 10422200
# iTOW 10426600
D 0000.159 16.7  52.5
D 0000.158 16.9  51.8
D 0000.159 17.2  52.1
D 0000.159 16.7  52.3
D 0000.158 17.2  52.8
D 0000.159 17.2  52.3
D 0000.158 16.4  52.1
D 0000.159 17.2  51.7
D 0000.159 16.9  52.3
D 0000.158 17.2  52.6
D 0000.159 17.2  52.7
D 0000.158 17.3  52.3
D 0000.158 17.0  52.1
D 0000.159 17.1  52.5
D 0000.158 17.5  52.8
D 0000.159 17.0  52.4
D 0000.158 16.9  52.0
D 0000.159 16.0  53.0
D 0000.159 17.3  51.9
D 0000.159 17.2  51.7
D 0000.158 16.6  52.7
D 0000.158 16.7  52.5
# end 10426600
# iTOW 10430800
D 0000.159 16.9  52.2
D 0000.158 16.8  51.8
D 0000.159 16.6  52.0
D 0000.158 17.3  52.3
D 0000.158 17.3  53.3
D 0000.158 17.0  52.0
D 0000.159 17.2  51.8
D 0000.158 17.5  53.4
D 0000.159 17.4  52.0
D 0000.158 16.7  52.4
D 0000.159 16.9  52.3
D 0000.158 16.4  52.3
D 0000.158 17.0  51.9
D 0000.159 16.9  52.1
D 0000.159 17.4  52.3
D 0000.158 17.5  52.6
D 0000.158 17.4  52.1
D 0000.158 17.5  52.5
D 0000.159 16.8  52.4
D 0000.158 17.2  52.0
D 0000.158 16.6  53.1
D 0000.159 17.3  52.3
# end 10430800
# iTOW 10435000
D 0000.159 17.0  52.8
D 0000.159 17.0  52.6
D 0000.158 17.2  52.5
D 0000.158 17.0  52.2
D 0000.158 17.0  51.7
D 0000.158 16.7  52.7
D 0000.159 17.3  52.5
D 0000.158 17.1  52.9
D 0000.158 16.8  52.7
D 0000.158 16.9  53.0
D 0000.158 17.0  52.4
D 0000.159 16.8  52.5
D 0000.158 16.8  52.8
D 0000.158 17.3  52.0
D 0000.158 17.1  52.2
D 0000.159 17.0  52.3
D 0000.159 17.1  51.6
D 0000.158 16.9  52.5
D 0000.158 17.2  52.3
D 0000.159 17.2  52.3
D 0000.158 16.9  52.0
D 0000.159 16.8  52.0
# end 10435000
# iTOW 10439400
D 0000.158 16.8  52.3
D 0000.158 16.4  51.7
D 0000.159 17.1  52.2
D 0000.159 16.6  51.6
D 0000.159 16.7  52.4
D 0000.158 17.3  52.0
D 0000.158 17.0  52.3
D 0000.158 17.6  52.2
D 0000.159 17.3  52.3
D 0000.159 16.9  52.2
D 0000.159 16.9  51.9
D 0000.158 17.0  52.9
D 0000.159 16.6  52.1
D 0000.158 17.0  52.3
D 0000.160 17.1  52.7
D 0000.159 17.3  51.9
D 0000.159 16.6  52.6
D 0000.158 17.1  52.5
D 0000.159 16.6  52.5
D 0000.158 17.0  51.8
D 0000.159 17.0  52.3
D 0000.158 16.8  52.2
# end 10439400
# iTOW 10443600
D 0000.159 17.0  51.7
D 0000.159 16.9  52.3
D 0000.159 17.1  52.8
D 0000.158 16.7  52.7
D 0000.158 17.1  52.8
D 0000.158 17.1  52.9
D 0000.158 16.4  52.3
D 0000.159 17.1  52.3
D 0000.158 16.1  52.0
D 0000.158 16.7  52.3
D 0000.159 16.8  52.0
D 0000.158 16.2  52.3
D 0000.158 16.6  52.2
D 0000.158 16.8  52.3
D 0000.159 16.8  52.8
D 0000.159 17.2  52.4
D 0000.158 17.3  52.5
D 0000.159 17.4  52.2
D 0000.158 17.1  52.8
D 0000.158 17.2  52.2
D 0000.159 16.4  51.9
D 0000.159 17.5  52.3
# end 10443600
# iTOW 10448000
D 0000.159 17.2  52.0
D 0000.159 17.2  52.6
D 0000.159 16.9  52.4
D 0000.159 16.4  52.0
D 0000.158 16.4  52.5
D 0000.159 17.3  52.3
D 0000.159 17.2  52.4
D 0000.159 17.1  52.4
D 0000.159 17.5  52.3
D 0000.158 16.4  52.3
D 0000.158 17.4  52.1
D 0000.158 17.1  52.2
D 0000.158 17.3  52.7
D 0000.159 16.8  52.0
D 0000.159 17.1  52.3
D 0000.158 17.3  52.2
D 0000.158 17.2  52.2
D 0000.158 17.2  52.0
D 0000.158 17.4  52.2
D 0000.158 17.4  52.0
D 0000.159 17.1  52.1
D 0000.158 16.6  51.8
# end 10448000
# iTOW 10463000
D 0000.158 17.2  52.6
D 0000.159 16.6  52.2
D 0000.159 17.1  51.8
D 0000.159 17.0  53.3
D 0000.159 16.8  52.3
D 0000.159 16.4  51.3
D 0000.159 17.1  52.8
D 0000.159 17.0  53.2
D 0000.159 17.0  52.8
D 0000.159 16.7  51.6
D 0000.158 16.4  52.2
D 0000.159 16.1  52.6
D 0000.158 16.6  52.6
D 0000.158 16.6  52.9
D 0000.158 17.0  52.5
D 0000.159 16.6  52.3
D 0000.159 17.3  51.7
D 0000.159 16.8  52.6
D 0000.159 17.3  53.1
D 0000.159 16.9  52.7
D 0000.159 17.0  52.0
D 0000.158 16.8  52.0
# end 10463000
# iTOW 10467200
D 0000.159 16.8  52.3
D 0000.159 17.0  52.2
D 0000.158 17.5  52.6
D 0000.158 16.9  52.3
D 0000.159 16.9  52.8
D 0000.159 17.1  52.1
D 0000.159 16.8  52.8
D 0000.159 16.0  52.7
D 0000.159 17.1  52.3
D 0000.159 17.2  52.3
D 0000.159 17.2  51.9
D 0000.158 16.9  53.1
D 0000.159 16.9  52.2
D 0000.158 17.1  52.2
D 0000.159 17.3  52.2
D 0000.159 16.8  52.6
D 0000.159 17.3  52.8
D 0000.158 16.0  52.0
D 0000.158 17.1  52.8
D 0000.158 17.3  52.5
D 0000.159 16.9  52.6
D 0000.159 17.5  52.5
# end 10467200
# iTOW 10471600
D 0000.158 17.3  51.7
D 0000.158 17.6  52.0
D 0000.158 16.7  52.2
D 0000.158 17.1  52.6
D 0000.158 17.0  52.0
D 0000.158 16.8  52.9
D 0000.158 16.9  52.5
D 0000.158 17.1  51.9
D 0000.159 17.3  52.0
D 0000.158 17.3  52.6
D 0000.159 17.2  51.9
D 0000.159 16.9  51.8
D 0000.158 17.4  53.0
D 0000.159 17.3  52.8
D 0000.159 16.6  51.9
D 0000.158 17.2  52.0
D 0000.159 17.4  52.6
D 0000.158 17.0  52.2
D 0000.159 17.0  52.1
D 0000.159 17.0  52.7
D 0000.159 16.4  52.7
D 0000.158 16.6  52.2
# end 10471600
# iTOW 10475800
D 0000.159 17.1  52.9
D 0000.159 17.1  52.5
D 0000.159 16.8  52.3
D 0000.159 16.8  52.8
D 0000.159 17.1  52.1
D 0000.159 16.9  52.6
D 0000.159 16.9  52.7
D 0000.159 17.3  52.3
D 0000.158 17.1  51.9
D 0000.159 17.0  52.7
D 0000.159 16.1  52.7
D 0000.158 16.4  52.1
D 0000.159 16.7  52.2
D 0000.159 16.4  52.8
D 0000.159 17.0  52.9
D 0000.159 17.0  52.6
D 0000.159 17.6  52.2
D 0000.159 16.8  52.8
D 0000.158 16.4  52.2
D 0000.158 16.7  53.1
D 0000.158 17.1  51.8
D 0000.158 17.1  51.9
# end 10475800
# iTOW 10480000
D 0000.159 17.1  52.8
D 0000.159 16.9  52.2
D 0000.158 17.1  52.0
D 0000.159 17.0  52.7
D 0000.159 16.7  52.1
D 0000.159 17.1  52.5
D 0000.158 17.1  52.3
D 0000.158 16.8  51.6
D 0000.158 17.1  52.2
D 0000.159 17.2  52.0
D 0000.159 16.9  51.9
D 0000.158 17.3  52.5
D 0000.158 17.3  52.8
D 0000.158 16.9  52.5
D 0000.159 16.8  52.5
D 0000.159 17.2  53.0
D 0000.158 17.2  52.3
D 0000.159 16.4  52.5
D 0000.159 16.9  52.2
D 0000.159 16.9  52.2
D 0000.159 17.3  52.0
D 0000.159 16.9  52.7
# end 10480000
# iTOW 10484600
D 0000.158 16.7  52.2
D 0000.159 16.9  52.5
D 0000.159 16.9  51.6
D 0000.159 16.9  52.3
D 0000.158 16.7  52.1
D 0000.159 17.1  52.0
D 0000.158 17.1  52.4
D 0000.159 16.9  52.4
D 0000.158 16.2  51.9
D 0000.158 16.4  52.0
D 0000.158 16.6  53.3
D 0000.158 16.4  52.0
D 0000.159 16.9  52.6
D 0000.159 16.9  52.0
D 0000.159 17.3  52.6
D 0000.159 17.1  51.9
D 0000.159 17.1  51.9
D 0000.158 17.0  52.3
D 0000.159 17.2  52.4
D 0000.159 17.1  52.1
D 0000.158 16.8  52.7
D 0000.159 17.1  52.7
# end 10484600
# iTOW 10503000
D 0000.159 17.0  52.2
D 0000.158 17.3  52.3
D 0000.159 16.7  52.0
D 0000.159 17.0  52.2
D 0000.159 17.0  52.3
D 0000.159 17.0  52.0
D 0000.159 16.8  52.7
D 0000.159 17.5  52.3
D 0000.159 16.9  52.3
D 0000.159 16.6  51.7
D 0000.159 16.9  52.3
D 0000.159 17.3  52.6
D 0000.159 17.3  52.2
D 0000.159 16.9  52.5
D 0000.158 17.3  52.3
D 0000.159 16.8  52.2
D 0000.158 17.1  52.3
D 0000.159 17.0  51.6
D 0000.158 17.1  52.3
D 0000.159 16.7  51.9
D 0000.159 17.0  52.5
D 0000.159 17.1  51.7
# end 10503000
# iTOW 10507400
D 0000.159 16.9  52.4
D 0000.159 16.9  52.7
D 0000.158 17.2  52.2
D 0000.158 17.2  52.3
D 0000.159 17.3  52.2
D 0000.159 17.0  51.7
D 0000.159 16.4  52.0
D 0000.159 16.8  51.9
D 0000.159 17.0  52.8
D 0000.158 16.7  52.0
D 0000.159 16.7  52.2
D 0000.158 17.0  52.5
D 0000.159 17.1  52.8
D 0000.158 17.2  52.3
D 0000.159 17.0  52.7
D 0000.159 17.0  52.0
D 0000.159 17.0  52.3
D 0000.159 16.6  53.0
D 0000.159 16.4  52.3
D 0000.158 16.6  52.5
D 0000.158 16.9  52.8
D 0000.158 17.0  52.8
# end 10507400
# iTOW 10511600
D 0000.159 16.8  52.6
D 0000.159 16.8  52.3
D 0000.159 17.2  52.3
D 0000.159 17.0  52.7
D 0000.158 16.1  52.5
D 0000.159 16.4  52.5
D 0000.158 16.8  53.0
D 0000.159 17.2  52.0
D 0000.158 17.1  52.5
D 0000.158 16.9  52.8
D 0000.158 16.7  52.3
D 0000.159 16.6  52.3
D 0000.158 17.0  52.6
D 0000.159 17.2  52.5
D 0000.158 17.2  52.3
D 0000.158 16.9  52.2
D 0000.159 17.2  52.4
D 0000.159 16.8  52.5
D 0000.159 16.0  52.5
D 0000.159 16.6  52.7
D 0000.158 17.1  52.5
D 0000.159 16.9  51.9
# end 10511600
# iTOW 10516000
D 0000.159 16.8  52.2
D 0000.159 16.7  51.9
D 0000.158 17.4  51.6
D 0000.158 17.3  52.4
D 0000.158 17.2  52.1
D 0000.159 17.1  52.2
D 0000.159 17.1  52.1
D 0000.159 16.6  52.3
D 0000.158 17.2  52.7
D 0000.159 17.0  52.2
D 0000.158 17.3  52.3
D 0000.159 17.0  52.5
D 0000.158 16.7  52.1
D 0000.158 17.1  52.4
D 0000.158 16.4  52.5
D 0000.158 16.6  51.9
D 0000.159 17.2  52.8
D 0000.159 17.2  52.2
D 0000.158 17.5  51.7
D 0000.158 16.8  52.0
D 0000.159 16.9  51.9
D 0000.158 17.4  51.7
# end 10516000
# iTOW 10520200
D 0000.158 17.1  52.2
D 0000.159 17.3  52.7
D 0000.159 17.1  52.4
D 0000.159 16.9  52.1
D 0000.159 17.1  52.3
D 0000.159 17.0  52.3
D 0000.158 16.9  52.6
D 0000.159 17.3  53.0
D 0000.159 16.7  52.2
D 0000.158 16.6  52.2
D 0000.159 16.2  52.1
D 0000.158 17.0  52.4
D 0000.159 16.4  52.2
D 0000.159 16.7  52.4
D 0000.158 16.4  52.6
D 0000.158 17.7  51.9
D 0000.158 16.6  52.6
D 0000.159 17.0  52.1
D 0000.158 17.4  52.5
D 0000.158 16.6  52.3
D 0000.158 16.8  52.8
D 0000.159 16.8  52.0
# end 10520200
# iTOW 10524600
D 0000.159 16.9  52.2
D 0000.158 16.4  52.4
D 0000.159 16.9  51.7
D 0000.158 17.0  51.9
D 0000.159 16.7  51.7
D 0000.159 16.9  52.7
D 0000.158 16.4  52.7
D 0000.159 16.4  53.0
D 0000.159 17.2  52.0
D 0000.159 16.4  52.3
D 0000.158 16.7  52.5
D 0000.158 17.0  51.6
D 0000.159 16.4  51.9
D 0000.158 17.0  52.4
D 0000.158 17.1  51.4
D 0000.158 17.3  52.0
D 0000.159 16.6  52.5
D 0000.159 16.9  52.8
D 0000.159 17.2  51.7
D 0000.158 16.4  52.1
D 0000.159 16.8  52.5
D 0000.158 17.0  52.5
# end 10524600
# iTOW 10528800
D 0000.159 16.4  52.3
D 0000.159 17.2  52.2
D 0000.158 17.2  52.9
D 0000.159 16.4  52.2
D 0000.159 17.2  52.2
D 0000.159 16.6  52.0
D 0000.158 17.1  52.6
D 0000.159 16.4  52.5
D 0000.159 16.2  52.5
D 0000.158 16.1  52.2
D 0000.159 16.8  52.2
D 0000.158 16.4  52.9
D 0000.158 17.1  52.4
D 0000.159 17.1  51.9
D 0000.158 17.2  52.4
D 0000.158 15.9  52.5
D 0000.158 16.9  52.4
D 0000.159 17.2  52.8
D 0000.158 17.0  52.2
D 0000.159 17.1  52.0
D 0000.159 17.0  52.2
D 0000.159 16.6  52.6
# end 10528800
# iTOW 10533000
D 0000.158 16.4  52.7
D 0000.159 17.1  52.1
D 0000.158 16.4  52.7
D 0000.158 16.8  52.2
D 0000.158 17.1  52.2
D 0000.158 16.8  52.3
D 0000.158 17.0  52.8
D 0000.159 17.0  52.2
D 0000.159 17.4  52.3
D 0000.158 17.3  52.1
D 0000.159 17.0  51.7
D 0000.158 17.0  52.7
D 0000.159 16.7  52.4
D 0000.159 17.0  52.8
D 0000.158 17.1  51.7
D 0000.158 17.4  52.2
D 0000.159 16.7  52.5
D 0000.159 17.8  52.9
D 0000.159 17.1  52.5
D 0000.158 17.4  52.4
D 0000.159 16.7  52.3
D 0000.159 17.1  51.9
# end 10533000
# iTOW 10548600
D 0000.159 16.8  52.3
D 0000.158 17.2  52.2
D 0000.159 16.7  52.2
D 0000.159 17.0  52.8
D 0000.158 17.0  52.3
D 0000.159 17.0  52.5
D 0000.158 16.7  52.2
D 0000.159 17.7  52.6
D 0000.159 16.2  52.5
D 0000.158 16.4  51.8
D 0000.159 17.1  52.0
D 0000.158 17.2  52.7
D 0000.159 16.9  52.0
D 0000.159 17.0  52.2
D 0000.158 17.1  53.0
D 0000.158 16.8  52.2
D 0000.159 16.7  52.5
D 0000.159 16.4  52.5
D 0000.159 16.8  52.7
D 0000.159 17.0  51.9
D 0000.159 16.1  52.4
D 0000.159 16.9  52.0
# end 10548600
# iTOW 10552800
D 0000.159 16.9  52.6
D 0000.159 16.7  51.9
D 0000.158 17.2  52.5
D 0000.159 17.7  53.0
D 0000.158 16.7  52.3
D 0000.159 16.8  52.3
D 0000.159 16.9  52.0
D 0000.159 16.8  52.0
D 0000.158 16.8  51.9
D 0000.159 16.6  51.7
D 0000.158 17.2  52.3
D 0000.159 17.2  52.0
D 0000.159 16.9  52.5
D 0000.158 17.1  52.4
D 0000.159 16.9  52.5
D 0000.159 17.3  53.0
D 0000.159 17.0  52.8
D 0000.159 16.6  52.2
D 0000.159 17.2  52.5
D 0000.158 17.1  52.3
D 0000.159 17.1  52.8
D 0000.159 16.7  51.8
# end 10552800
# iTOW 10557200
D 0000.159 16.2  52.7
D 0000.158 16.2  52.5
D 0000.159 16.7  52.3
D 0000.159 17.0  52.1
D 0000.159 17.2  52.3
D 0000.158 16.1  52.7
D 0000.158 16.7  51.9
D 0000.159 17.0  52.6
D 0000.159 17.1  51.8
D 0000.159 17.0  52.2
D 0000.158 17.3  52.5
D 0000.158 16.4  52.5
D 0000.158 17.3  52.3
D 0000.159 16.6  52.3
D 0000.159 17.2  52.7
D 0000.159 16.9  52.3
D 0000.158 17.0  52.3
D 0000.159 16.8  51.8
D 0000.158 17.3  52.0
D 0000.159 16.9  52.5
D 0000.158 17.3  52.6
D 0000.159 17.0  52.5
# end 10557200
# iTOW 10561600
D 0000.159 17.2  52.0
D 0000.159 17.1  51.5
D 0000.159 16.4  52.2
D 0000.158 16.9  51.9
D 0000.158 17.3  52.5
D 0000.159 16.9  51.9
D 0000.159 17.3  52.6
D 0000.159 16.6  52.5
D 0000.158 17.5  52.4
D 0000.158 17.0  51.9
D 0000.158 17.1  52.8
D 0000.159 17.0  52.3
D 0000.159 17.1  51.9
D 0000.159 16.7  52.4
D 0000.159 16.7  51.9
D 0000.158 16.7  52.5
D 0000.159 17.0  52.0
D 0000.159 16.4  52.3
D 0000.158 17.0  52.1
D 0000.159 16.7  51.5
D 0000.159 16.7  52.3
D 0000.160 17.0  52.5
# end 10561600
# iTOW 10565800
D 0000.159 16.9  52.0
D 0000.159 16.2  51.9
D 0000.159 17.1  52.6
D 0000.159 16.8  52.3
D 0000.159 16.1  52.0
D 0000.159 16.2  52.5
D 0000.158 17.0  52.8
D 0000.158 16.4  52.2
D 0000.158 17.0  52.2
D 0000.159 17.0  52.3
D 0000.159 16.9  52.8
D 0000.159 17.1  52.2
D 0000.158 16.8  52.5
D 0000.159 17.0  52.3
D 0000.158 16.4  52.2
D 0000.158 16.4  52.5
D 0000.159 16.8  52.2
D 0000.158 17.0  52.0
D 0000.158 17.2  52.1
D 0000.159 16.9  52.7
D 0000.158 17.1  52.3
D 0000.159 16.8  51.8
# end 10565800
# iTOW 10570000
D 0000.158 17.0  52.2
D 0000.158 16.9  52.4
D 0000.159 17.0  52.6
D 0000.159 17.0  52.5
D 0000.158 16.7  52.6
D 0000.159 17.2  52.0
D 0000.159 17.0  51.9
D 0000.159 17.0  52.8
D 0000.159 16.9  52.3
D 0000.159 16.8  52.5
D 0000.159 16.8  52.2
D 0000.159 16.6  52.7
D 0000.159 16.4  52.5
D 0000.159 16.4  52.2
D 0000.158 17.2  52.8
D 0000.158 16.8  53.1
D 0000.159 17.0  52.5
D 0000.158 17.3  51.9
D 0000.159 16.7  51.6
D 0000.159 17.3  51.6
D 0000.158 17.1  52.1
D 0000.159 17.1  52.2
# end 10570000
# iTOW 10574200
D 0000.158 17.1  52.4
D 0000.159 16.8  52.0
D 0000.158 17.0  52.0
D 0000.158 16.6  52.3
D 0000.159 17.1  53.1
D 0000.159 16.4  52.5
D 0000.158 16.2  51.9
D 0000.158 17.1  52.3
D 0000.159 16.0  52.9
D 0000.159 17.1  52.7
D 0000.159 17.0  51.7
D 0000.159 16.8  52.0
D 0000.158 16.1  51.7
D 0000.158 16.9  52.5
D 0000.159 16.8  52.2
D 0000.159 17.2  52.3
D 0000.159 17.6  51.9
D 0000.158 16.6  52.2
D 0000.158 17.4  52.2
D 0000.158 17.2  52.2
D 0000.159 16.6  52.0
D 0000.159 16.6  52.4
# end 10574200
# iTOW 10578600
D 0000.158 16.8  52.3
D 0000.158 17.2  52.7
D 0000.158 16.8  51.9
D 0000.159 16.8  52.3
D 0000.159 16.7  52.5
D 0000.159 17.2  52.2
D 0000.159 16.4  52.5
D 0000.159 17.1  52.1
D 0000.159 16.7  52.8
D 0000.159 16.9  52.1
D 0000.159 16.4  52.5
D 0000.158 17.8  52.3
D 0000.159 16.8  51.7
D 0000.159 17.3  52.8
D 0000.159 17.3  51.8
D 0000.159 16.7  52.0
D 0000.158 17.1  52.7
D 0000.159 17.3  51.5
D 0000.159 17.0  52.1
D 0000.159 17.1  51.7
D 0000.159 17.2  52.0
D 0000.158 17.0  52.7
# end 10578600
# iTOW 10583000
D 0000.159 16.8  51.9
D 0000.158 16.1  52.6
D 0000.159 16.9  51.7
D 0000.159 17.0  52.3
D 0000.159 16.9  52.2
D 0000.159 16.2  51.5
D 0000.158 17.0  51.8
D 0000.159 16.6  52.2
D 0000.158 16.8  52.5
D 0000.159 16.4  52.3
D 0000.158 16.4  52.4
D 0000.159 17.3  52.0
D 0000.158 16.9  52.3
D 0000.158 16.7  51.9
D 0000.159 17.1  53.0
D 0000.158 17.2  52.2
D 0000.159 16.9  53.0
D 0000.159 17.0  51.9
D 0000.159 16.4  52.9
D 0000.159 16.8  51.7
D 0000.159 17.0  52.7
D 0000.159 16.8  52.2
# end 10583000
# iTOW 10587200
D 0000.158 17.0  52.3
D 0000.159 17.2  52.2
D 0000.159 16.4  52.5
D 0000.159 16.4  51.5
D 0000.159 16.9  52.8
D 0000.159 17.0  52.5
D 0000.158 16.6  51.2
D 0000.158 17.2  51.9
D 0000.158 16.9  52.5
D 0000.158 17.1  52.0
D 0000.159 17.0  52.1
D 0000.158 17.1  52.2
D 0000.158 17.3  52.3
D 0000.159 17.2  51.6
D 0000.158 16.4  51.7
D 0000.159 17.0  51.6
D 0000.158 17.2  52.3
D 0000.158 16.6  51.8
D 0000.158 16.0  52.2
D 0000.159 16.6  52.5
D 0000.159 16.4  52.6
D 0000.159 17.0  52.2
# end 10587200
# iTOW 10591400
D 0000.158 17.4  52.5
D 0000.159 16.7  51.9
D 0000.159 17.0  51.7
D 0000.158 16.8  51.9
D 0000.158 16.9  52.2
D 0000.158 17.3  52.2
D 0000.159 16.8  52.0
D 0000.158 17.0  52.1
D 0000.158 17.0  52.2
D 0000.158 16.7  52.5
D 0000.159 17.2  52.6
D 0000.158 16.9  52.3
D 0000.159 16.8  52.5
D 0000.159 17.1  51.9
D 0000.158 17.0  52.8
D 0000.158 17.8  52.3
D 0000.158 17.2  52.3
D 0000.159 16.4  52.1
D 0000.159 17.2  52.8
D 0000.158 17.2  52.2
D 0000.158 17.0  52.4
D 0000.159 17.1  52.7
# end 10591400
# iTOW 10595800
D 0000.158 16.2  52.2
D 0000.158 17.1  52.0
D 0000.158 17.1  52.1
D 0000.158 16.8  52.5
D 0000.158 16.9  52.3
D 0000.159 16.4  52.5
D 0000.158 16.4  52.3
D 0000.158 16.8  51.7
D 0000.158 17.3  52.6
D 0000.158 16.4  52.0
D 0000.159 16.8  52.7
D 0000.159 17.2  51.9
D 0000.159 16.4  53.0
D 0000.158 17.3  52.3
D 0000.158 16.8  52.1
D 0000.159 16.1  52.6
D 0000.159 17.2  52.8
D 0000.159 17.2  52.1
D 0000.158 17.4  52.1
D 0000.159 16.8  52.5
D 0000.159 16.2  52.5
D 0000.159 17.4  51.7
# end 10595800
# iTOW 10614400
D 0000.160 16.6  51.6
D 0000.158 16.4  51.8
D 0000.158 17.4  52.2
D 0000.158 16.2  52.0
D 0000.159 16.7  52.5
D 0000.158 16.1  52.7
D 0000.159 16.6  52.5
D 0000.159 16.8  52.8
D 0000.158 16.9  52.8
D 0000.158 16.9  52.4
D 0000.159 16.6  52.3
D 0000.158 16.7  52.7
D 0000.158 16.9  52.2
D 0000.159 16.9  53.0
D 0000.159 16.0  52.0
D 0000.159 16.9  51.8
D 0000.159 17.3  52.1
D 0000.158 17.0  52.0
D 0000.159 16.8  52.6
D 0000.159 16.8  52.6
D 0000.158 16.9  52.8
D 0000.159 16.7  52.3
# end 10614400
# iTOW 10618600
D 0000.158 16.6  51.8
D 0000.158 17.1  51.9
D 0000.158 17.4  52.6
D 0000.159 17.2  52.0
D 0000.159 17.1  52.0
D 0000.158 16.7  52.8
D 0000.159 16.8  52.0
D 0000.159 17.2  52.8
D 0000.159 17.0  52.6
D 0000.158 16.8  52.3
D 0000.158 16.6  51.2
D 0000.159 17.0  52.5
D 0000.159 17.2  52.5
D 0000.159 17.2  52.0
D 0000.158 17.0  52.5
D 0000.158 16.4  53.1
D 0000.159 17.1  52.3
D 0000.159 16.8  52.2
D 0000.158 17.5  52.2
D 0000.159 17.2  52.6
D 0000.158 16.6  52.2
D 0000.159 16.4  52.5
# end 10618600
# iTOW 10622800
D 0000.159 16.4  52.5
D 0000.159 16.8  53.0
D 0000.159 17.0  51.9
D 0000.159 17.1  52.1
D 0000.158 17.2  52.2
D 0000.158 17.3  53.1
D 0000.159 17.1  52.0
D 0000.158 16.4  52.2
D 0000.158 17.3  52.5
D 0000.158 17.5  52.2
D 0000.158 16.1  52.5
D 0000.158 16.9  52.0
D 0000.159 16.7  52.0
D 0000.158 17.0  52.0
D 0000.159 16.9  52.0
D 0000.159 16.7  52.4
D 0000.159 16.6  52.1
D 0000.159 17.2  52.6
D 0000.158 17.0  52.0
D 0000.158 16.7  52.1
D 0000.158 16.1  52.7
D 0000.159 16.4  52.0
# end 10622800
# iTOW 10627200
D 0000.159 16.4  52.5
D 0000.158 16.9  52.0
D 0000.158 17.1  52.3
D 0000.159 16.9  52.0
D 0000.159 17.0  52.4
D 0000.159 16.7  51.9
D 0000.158 16.9  52.6
D 0000.158 17.0  51.9
D 0000.159 17.2  52.2
D 0000.158 17.0  52.4
D 0000.159 17.0  52.2
D 0000.158 17.0  51.9
D 0000.159 17.0  52.5
D 0000.159 17.2  52.6
D 0000.159 16.8  52.0
D 0000.158 16.7  52.2
D 0000.158 17.4  51.7
D 0000.159 16.2  52.3
D 0000.159 17.0  52.6
D 0000.159 16.7  52.2
D 0000.159 17.0  52.7
D 0000.159 17.2  51.7
# end 10627200
# iTOW 10644200
D 0000.158 17.4  52.1
D 0000.159 16.7  52.6
D 0000.159 17.4  52.5
D 0000.158 17.2  52.0
D 0000.158 16.8  52.0
D 0000.159 16.8  52.0
D 0000.159 16.0  52.3
D 0000.159 16.7  52.4
D 0000.159 16.2  52.4
D 0000.159 16.4  52.6
D 0000.159 17.2  51.7
D 0000.159 16.8  52.9
D 0000.159 16.2  51.6
D 0000.158 16.6  52.0
D 0000.158 17.0  51.9
D 0000.158 16.8  52.5
D 0000.159 17.3  51.7
D 0000.159 17.0  52.3
D 0000.158 17.2  52.5
D 0000.158 17.1  52.2
D 0000.158 17.2  52.4
D 0000.159 16.8  51.8
# end 10644200
# iTOW 10648600
D 0000.159 17.2  52.3
D 0000.158 17.0  51.9
D 0000.159 16.4  52.7
D 0000.159 17.3  52.5
D 0000.158 17.2  52.7
D 0000.158 16.6  52.0
D 0000.158 16.9  51.7
D 0000.158 17.2  52.4
D 0000.158 16.4  52.3
D 0000.159 17.2  52.3
D 0000.159 16.8  52.5
D 0000.159 16.9  52.2
D 0000.158 17.0  52.6
D 0000.159 16.4  51.8
D 0000.159 16.7  52.3
D 0000.159 16.9  52.3
D 0000.159 16.9  52.0
D 0000.159 17.3  52.1
D 0000.158 17.2  52.3
D 0000.159 16.8  51.9
D 0000.158 16.1  52.5
D 0000.158 17.2  52.0
# end 10648600
# iTOW 10664800
D 0000.159 17.1  52.5
D 0000.158 17.1  52.8
D 0000.158 17.0  52.5
D 0000.158 17.0  52.5
D 0000.158 17.0  52.4
D 0000.159 17.1  51.9
D 0000.158 16.9  52.7
D 0000.159 16.6  52.6
D 0000.158 17.1  52.2
D 0000.158 17.0  52.1
D 0000.159 17.3  52.0
D 0000.158 16.4  52.6
D 0000.158 17.2  52.5
D 0000.159 17.0  51.9
D 0000.159 16.4  52.5
D 0000.159 17.1  52.3
D 0000.158 16.8  52.5
D 0000.159 17.1  52.2
D 0000.158 17.1  52.2
D 0000.159 16.9  52.7
D 0000.158 16.6  52.5
D 0000.159 16.7  52.1
# end 10664800
# iTOW 10669000
D 0000.158 16.6  52.9
D 0000.158 17.2  52.0
D 0000.159 17.1  52.1
D 0000.158 17.6  51.9
D 0000.159 16.1  52.1
D 0000.159 15.8  52.2
D 0000.158 16.9  52.7
D 0000.158 16.9  51.7
D 0000.159 16.6  52.2
D 0000.159 17.2  53.3
D 0000.159 17.0  52.9
D 0000.159 16.8  51.7
D 0000.159 17.1  52.3
D 0000.158 16.9  52.4
D 0000.159 17.0  52.7
D 0000.159 17.3  52.0
D 0000.159 16.9  52.3
D 0000.159 17.1  52.1
D 0000.158 16.4  51.7
D 0000.159 17.0  52.1
D 0000.158 17.2  51.7
D 0000.158 16.7  52.3
# end 10669000
# iTOW 10673400
D 0000.158 17.0  52.3
D 0000.159 16.9  51.9
D 0000.159 16.7  52.5
D 0000.159 17.0  52.1
D 0000.158 16.7  51.5
D 0000.159 17.1  52.8
D 0000.159 17.4  52.4
D 0000.159 16.8  51.9
D 0000.158 17.1  52.8
D 0000.158 17.1  51.9
D 0000.158 16.9  52.7
D 0000.158 17.0  51.9
D 0000.159 16.4  52.8
D 0000.159 17.2  51.6
D 0000.158 16.1  52.3
D 0000.159 16.9  52.5
D 0000.159 16.7  52.3
D 0000.159 16.2  52.8
D 0000.159 16.9  51.9
D 0000.159 16.9  51.7
D 0000.159 17.2  52.3
D 0000.158 16.6  51.7
# end 10673400
# iTOW 10689800
D 0000.159 16.4  52.7
D 0000.159 16.7  52.1
D 0000.159 17.0  52.0
D 0000.159 16.8  52.5
D 0000.158 17.0  52.6
D 0000.159 16.7  52.7
D 0000.158 17.1  52.2
D 0000.159 16.6  51.7
D 0000.159 17.4  51.6
D 0000.158 16.6  52.7
D 0000.158 16.7  52.6
D 0000.158 17.2  51.9
D 0000.159 16.2  52.2
D 0000.159 16.4  52.2
D 0000.159 16.8  51.7
D 0000.158 17.2  52.0
D 0000.158 16.6  52.0
D 0000.159 16.8  52.0
D 0000.159 16.6  51.9
D 0000.158 17.1  52.3
D 0000.159 17.1  51.6
D 0000.159 16.4  51.9
# end 10689800
# iTOW 10694000
D 0000.159 17.0  52.2
D 0000.159 16.6  52.3
D 0000.159 17.4  51.9
D 0000.159 16.6  52.2
D 0000.159 16.8  51.6
D 0000.159 16.7  52.2
D 0000.158 17.2  51.9
D 0000.158 17.3  52.6
D 0000.159 17.1  52.0
D 0000.159 16.8  52.5
D 0000.159 17.4  51.9
D 0000.159 16.4  52.5
D 0000.159 17.0  52.3
D 0000.158 16.4  52.5
D 0000.158 17.2  52.1
D 0000.158 17.2  52.7
D 0000.159 17.3  51.7
D 0000.158 16.8  51.9
D 0000.158 17.5  52.2
D 0000.158 16.4  52.5
D 0000.159 16.2  52.2
D 0000.159 16.8  52.3
# end 10694000
# iTOW 10698400
D 0000.159 17.2  52.1
D 0000.159 17.0  51.4
D 0000.158 16.8  52.2
D 0000.159 16.4  51.7
D 0000.159 16.9  51.7
D 0000.158 17.3  51.7
D 0000.158 16.7  52.5
D 0000.159 17.1  52.5
D 0000.159 17.3  52.4
D 0000.159 17.1  51.7
D 0000.159 16.8  51.9
D 0000.159 17.2  52.3
D 0000.159 16.7  52.2
D 0000.159 16.4  52.1
D 0000.158 16.6  52.5
D 0000.158 16.2  52.6
D 0000.158 16.7  52.1
D 0000.159 17.1  52.0
D 0000.158 17.2  52.1
D 0000.158 16.4  52.2
D 0000.158 16.9  51.7
D 0000.159 16.4  52.6
# end 10698400
# iTOW 10702800
D 0000.159 17.5  52.5
D 0000.158 17.2  52.3
D 0000.159 17.2  52.5
D 0000.158 17.1  52.5
D 0000.159 16.8  52.0
D 0000.158 16.2  52.0
D 0000.158 17.0  52.7
D 0000.158 16.7  52.3
D 0000.158 17.0  52.0
D 0000.158 16.8  52.0
D 0000.159 17.3  51.8
D 0000.159 16.4  52.1
D 0000.159 16.7  52.1
D 0000.159 16.8  52.1
D 0000.158 16.8  52.8
D 0000.159 17.2  52.2
D 0000.158 17.1  52.5
D 0000.159 16.6  51.3
D 0000.158 17.4  52.1
D 0000.158 16.8  52.5
D 0000.158 17.0  52.5
D 0000.158 17.1  52.9
# end 10702800
# iTOW 10707000
D 0000.159 17.1  52.0
D 0000.159 16.6  52.5
D 0000.158 16.6  51.7
D 0000.159 17.0  52.6
D 0000.158 16.8  52.5
D 0000.159 17.3  52.5
D 0000.158 17.0  51.9
D 0000.159 17.2  52.3
D 0000.158 17.3  52.0
D 0000.159 17.5  52.8
D 0000.159 16.9  52.7
D 0000.159 17.2  52.8
D 0000.158 17.0  53.2
D 0000.158 17.3  52.2
D 0000.159 17.5  52.4
D 0000.159 16.4  52.8
D 0000.159 16.9  52.5
D 0000.159 17.2  51.6
D 0000.158 17.0  52.8
D 0000.159 17.0  51.5
D 0000.158 16.7  52.3
D 0000.158 17.0  52.6
# end 10707000
# iTOW 10711200
D 0000.158 16.9  51.9
D 0000.158 16.8  51.7
D 0000.158 17.2  51.7
D 0000.159 17.0  52.2
D 0000.159 16.7  52.4
D 0000.158 16.1  52.1
D 0000.158 16.7  52.2
D 0000.159 17.1  52.0
D 0000.159 17.0  51.5
D 0000.159 17.2  52.7
D 0000.159 16.2  52.3
D 0000.159 16.8  51.5
D 0000.159 16.6  52.6
D 0000.159 16.8  52.3
D 0000.158 17.0  52.4
D 0000.158 16.4  52.0
D 0000.159 16.8  52.4
D 0000.158 17.0  52.0
D 0000.159 16.8  52.1
D 0000.158 16.9  52.3
D 0000.159 17.0  52.3
D 0000.159 16.7  52.1
# end 10711200
# iTOW 10715400
D 0000.159 17.0  51.7
D 0000.159 16.8  52.2
D 0000.159 17.2  51.2
D 0000.158 16.6  51.1
D 0000.159 17.4  52.5
D 0000.158 16.9  52.6
D 0000.158 16.2  52.7
D 0000.159 16.9  51.9
D 0000.158 17.1  52.5
D 0000.159 16.4  52.6
D 0000.158 16.4  51.9
D 0000.159 16.8  52.3
D 0000.159 17.2  52.3
D 0000.158 16.4  52.3
D 0000.159 16.0  52.5
D 0000.158 16.9  51.4
D 0000.159 17.5  51.9
D 0000.158 17.0  53.2
D 0000.158 16.7  51.8
D 0000.159 16.9  52.2
D 0000.159 17.2  52.1
D 0000.159 16.4  52.8
# end 10715400
# iTOW 10719800
D 0000.159 16.9  52.7
D 0000.159 16.9  52.6
D 0000.159 16.9  51.8
D 0000.159 16.8  52.4
D 0000.158 17.1  51.6
D 0000.158 17.0  52.2
D 0000.159 17.0  52.7
D 0000.158 17.2  52.3
D 0000.159 17.1  51.8
D 0000.159 17.2  52.3
D 0000.158 16.9  52.2
D 0000.159 16.6  52.3
D 0000.159 16.4  51.9
D 0000.158 17.2  51.9
D 0000.159 17.0  52.7
D 0000.158 16.9  51.6
D 0000.159 16.4  52.8
D 0000.159 17.3  52.3
D 0000.158 16.4  51.9
D 0000.159 17.2  51.3
D 0000.158 16.4  52.4
D 0000.158 17.1  52.3
# end 10719800
# iTOW 10724200
D 0000.158 17.1  52.6
D 0000.159 17.1  52.5
D 0000.159 16.8  52.0
D 0000.158 16.9  52.7
D 0000.159 16.4  52.2
D 0000.159 16.4  52.8
D 0000.159 16.4  52.5
D 0000.159 16.9  51.9
D 0000.159 17.0  52.0
D 0000.158 16.1  52.0
D 0000.158 16.4  52.0
D 0000.159 17.5  51.5
D 0000.159 16.8  52.0
D 0000.159 16.4  52.5
D 0000.159 16.4  51.7
D 0000.159 17.0  52.0
D 0000.158 16.9  52.7
D 0000.159 16.1  52.8
D 0000.158 16.8  52.5
D 0000.159 16.4  52.3
D 0000.158 17.2  51.7
D 0000.158 16.6  52.0
# end 10724200
# iTOW 10728400
D 0000.159 17.1  52.2
D 0000.158 17.1  52.1
D 0000.158 16.8  51.9
D 0000.159 17.1  51.7
D 0000.159 17.2  52.1
D 0000.159 17.1  52.0
D 0000.159 17.0  52.3
D 0000.158 17.1  52.3
D 0000.158 16.8  52.5
D 0000.159 16.9  52.2
D 0000.159 16.8  51.9
D 0000.158 16.9  52.3
D 0000.159 16.9  51.7
D 0000.158 17.2  52.2
D 0000.159 17.3  51.4
D 0000.159 16.9  52.5
D 0000.159 17.0  51.9
D 0000.158 16.6  52.2
D 0000.158 17.3  52.5
D 0000.159 17.1  52.8
D 0000.159 16.4  52.0
D 0000.159 17.2  52.3
# end 10728400
# iTOW 10732800
D 0000.158 17.0  51.7
D 0000.159 16.8  52.4
D 0000.159 16.4  51.3
D 0000.159 16.6  52.0
D 0000.158 16.8  52.0
D 0000.158 16.7  52.2
D 0000.159 17.3  52.2
D 0000.158 17.1  51.9
D 0000.159 16.8  52.5
D 0000.159 16.8  52.8
D 0000.158 16.4  52.9
D 0000.159 17.2  52.5
D 0000.159 17.1  52.6
D 0000.159 16.4  52.3
D 0000.159 17.3  52.1
D 0000.158 16.7  51.7
D 0000.159 16.9  52.2
D 0000.159 17.1  52.2
D 0000.158 16.7  52.3
D 0000.159 17.3  52.3
D 0000.159 16.9  52.2
D 0000.159 17.1  52.8
# end 10732800
# iTOW 10750800
D 0000.158 16.7  52.4
D 0000.159 16.6  51.7
D 0000.158 16.6  52.2
D 0000.159 17.3  52.5
D 0000.159 16.9  52.7
D 0000.159 16.9  51.8
D 0000.159 16.8  51.6
D 0000.159 17.2  52.8
D 0000.159 16.7  51.5
D 0000.159 16.8  51.7
D 0000.158 17.2  51.7
D 0000.158 16.4  52.5
D 0000.158 17.0  52.2
D 0000.159 16.9  52.3
D 0000.159 16.1  52.0
D 0000.159 16.4  52.5
D 0000.158 16.8  52.6
D 0000.159 16.9  52.1
D 0000.158 17.4  51.7
D 0000.158 16.4  51.9
D 0000.159 17.1  52.7
D 0000.158 17.1  52.4
# end 10750800
# iTOW 10755000
D 0000.158 17.1  51.5
D 0000.159 16.9  51.8
D 0000.158 17.2  51.9
D 0000.158 17.2  52.6
D 0000.158 17.1  51.9
D 0000.159 16.4  52.5
D 0000.158 16.1  52.3
D 0000.158 16.7  52.2
D 0000.158 16.1  52.5
D 0000.158 16.4  51.7
D 0000.159 17.0  51.6
D 0000.158 16.8  51.9
D 0000.159 17.2  52.0
D 0000.159 16.4  51.9
D 0000.158 17.0  51.7
D 0000.158 17.0  51.9
D 0000.158 16.6  51.7
D 0000.159 17.0  52.0
D 0000.159 17.1  52.0
D 0000.158 17.3  52.5
D 0000.159 16.9  51.8
D 0000.159 16.9  52.3
# end 10755000
# iTOW 10759400
D 0000.158 17.2  52.3
D 0000.158 16.6  51.7
D 0000.158 16.2  52.0
D 0000.158 17.1  52.3
D 0000.158 16.8  52.0
D 0000.158 17.1  51.9
D 0000.158 17.1  52.6
D 0000.159 17.1  52.0
D 0000.158 16.7  52.5
D 0000.158 17.2  51.4
D 0000.158 17.3  52.3
D 0000.159 17.0  51.8
D 0000.158 16.8  52.8
D 0000.159 16.8  52.7
D 0000.158 16.4  52.0
D 0000.158 17.1  52.5
D 0000.159 17.4  53.0
D 0000.159 17.0  52.2
D 0000.158 17.6  52.2
D 0000.159 17.2  52.3
D 0000.158 16.4  51.9
D 0000.159 16.6  52.5
# end 10759400
# iTOW 10763600
D 0000.158 17.0  52.2
D 0000.158 16.7  52.2
D 0000.159 16.7  51.9
D 0000.158 17.2  52.2
D 0000.159 16.9  51.5
D 0000.159 16.8  51.7
D 0000.158 17.2  52.3
D 0000.159 16.4  51.7
D 0000.158 16.4  51.6
D 0000.159 17.0  52.0
D 0000.159 17.0  52.3
D 0000.159 16.8  52.6
D 0000.159 16.8  51.7
D 0000.159 17.1  52.1
D 0000.159 17.0  52.1
D 0000.158 16.8  52.0
D 0000.159 17.0  52.2
D 0000.158 17.2  52.1
D 0000.159 16.7  53.0
D 0000.159 17.1  52.3
D 0000.159 17.0  52.7
D 0000.158 16.2  52.5
# end 10763600
# iTOW 10768000
D 0000.159 17.0  52.2
D 0000.159 16.8  51.8
D 0000.158 16.7  52.5
D 0000.158 16.8  51.9
D 0000.158 16.9  52.6
D 0000.158 17.2  52.2
D 0000.159 17.1  51.7
D 0000.159 17.2  51.9
D 0000.159 17.3  52.3
D 0000.159 17.4  52.0
D 0000.159 17.3  52.3
D 0000.158 16.6  52.2
D 0000.159 16.9  51.9
D 0000.159 16.6  51.8
D 0000.159 17.0  52.4
D 0000.158 17.2  52.8
D 0000.159 16.8  51.8
D 0000.159 16.4  51.8
D 0000.159 17.0  51.7
D 0000.158 16.4  52.1
D 0000.159 17.3  52.6
D 0000.158 17.0  51.9
# end 10768000
# iTOW 10772200
D 0000.159 16.7  51.8
D 0000.159 17.0  52.3
D 0000.159 16.6  52.2
D 0000.159 16.9  52.0
D 0000.158 16.9  52.7
D 0000.158 17.2  52.0
D 0000.158 17.5  52.5
D 0000.158 17.0  52.3
D 0000.158 16.9  52.4
D 0000.159 17.1  52.5
D 0000.159 17.1  52.5
D 0000.159 17.1  52.2
D 0000.158 17.0  51.9
D 0000.159 17.3  52.7
D 0000.159 17.1  52.5
D 0000.159 16.6  51.1
D 0000.159 16.4  51.9
D 0000.159 17.2  52.5
D 0000.159 17.0  52.0
D 0000.159 16.9  52.3
D 0000.159 17.2  52.8
D 0000.159 17.3  52.2
# end 10772200
# iTOW 10776600
D 0000.159 16.6  52.5
D 0000.158 16.9  52.2
D 0000.159 16.8  52.4
D 0000.159 17.0  52.8
D 0000.159 17.0  52.6
D 0000.159 17.2  52.6
D 0000.158 16.8  52.3
D 0000.159 16.8  51.7
D 0000.159 16.8  52.1
D 0000.159 17.1  51.8
D 0000.158 16.4  51.2
D 0000.159 16.4  52.4
D 0000.159 16.4  52.2
D 0000.159 16.9  52.4
D 0000.158 16.7  51.9
D 0000.159 16.9  52.0
D 0000.158 17.0  52.3
D 0000.159 16.9  52.7
D 0000.159 17.3  52.6
D 0000.158 17.1  52.6
D 0000.158 16.6  52.5
D 0000.158 17.2  52.3
# end 10776600
# iTOW 10791800
D 0000.159 16.7  51.5
D 0000.159 16.8  51.9
D 0000.158 17.1  52.1
D 0000.159 17.1  51.5
D 0000.158 17.4  52.5
D 0000.158 16.9  52.3
D 0000.159 16.6  52.8
D 0000.159 17.1  52.5
D 0000.159 16.7  52.2
D 0000.158 16.2  52.2
D 0000.159 16.8  51.8
D 0000.159 17.1  52.2
D 0000.158 16.6  51.7
D 0000.159 17.3  51.8
D 0000.158 17.1  51.8
D 0000.158 17.2  52.2
D 0000.158 17.3  51.8
D 0000.159 16.6  52.5
D 0000.158 16.9  52.2
D 0000.158 17.1  51.9
D 0000.159 17.2  51.9
D 0000.158 16.4  51.5
# end 10791800
# iTOW 10796000
D 0000.158 17.2  52.1
D 0000.159 17.1  52.3
D 0000.159 17.0  51.9
D 0000.159 17.1  52.2
D 0000.158 16.9  52.3
D 0000.159 16.4  53.0
D 0000.159 16.8  51.6
D 0000.159 17.1  51.9
D 0000.158 16.6  52.2
D 0000.158 16.9  52.1
D 0000.159 17.6  52.2
D 0000.159 16.4  51.5
D 0000.159 17.2  51.9
D 0000.158 16.6  52.5
D 0000.159 16.7  51.7
D 0000.159 17.3  51.9
D 0000.158 17.0  52.0
D 0000.159 16.7  52.1
D 0000.158 16.4  52.2
D 0000.158 16.8  52.2
D 0000.158 16.7  51.7
D 0000.158 17.2  52.4
# end 10796000
# iTOW 10800200
D 0000.159 16.7  52.7
D 0000.159 16.4  52.5
D 0000.159 16.9  52.3
D 0000.158 16.4  52.9
D 0000.159 17.0  52.8
D 0000.158 17.0  52.5
D 0000.158 16.4  52.6
D 0000.158 17.2  52.0
D 0000.159 16.7  51.9
D 0000.159 16.9  52.0
D 0000.158 17.1  51.9
D 0000.159 16.9  52.2
D 0000.159 16.8  52.1
D 0000.159 17.0  52.0
D 0000.158 16.9  52.3
D 0000.158 17.6  52.7
D 0000.159 16.8  51.9
D 0000.159 17.2  51.9
D 0000.158 16.7  51.9
D 0000.158 17.2  52.1
D 0000.158 17.3  52.1
D 0000.159 16.9  52.4
# end 10800200
# iTOW 10804600
D 0000.158 16.7  52.0
D 0000.158 16.7  51.9
D 0000.159 17.1  52.8
D 0000.158 16.4  52.0
D 0000.159 17.1  52.3
D 0000.158 17.0  52.8
D 0000.158 16.7  52.2
D 0000.159 17.0  51.9
D 0000.159 16.8  52.2
D 0000.159 17.0  51.5
D 0000.158 16.4  52.2
D 0000.159 17.0  51.3
D 0000.159 17.0  51.5
D 0000.159 17.0  52.0
D 0000.159 16.6  52.6
D 0000.158 16.4  52.4
D 0000.159 17.0  52.8
D 0000.159 17.0  51.6
D 0000.158 16.8  52.6
D 0000.158 17.2  52.0
D 0000.159 17.2  51.7
D 0000.159 16.6  52.3
# end 10804600
# iTOW 10808800
D 0000.158 16.6  52.3
D 0000.159 17.0  51.7
D 0000.159 16.4  52.8
D 0000.159 16.7  51.4
D 0000.158 16.8  52.4
D 0000.158 16.9  52.2
D 0000.159 17.2  51.9
D 0000.158 16.4  51.5
D 0000.158 16.7  52.0
D 0000.158 16.7  52.7
D 0000.159 16.8  52.6
D 0000.159 17.3  52.4
D 0000.159 17.1  51.5
D 0000.159 16.7  52.2
D 0000.158 16.7  51.6
D 0000.159 16.6  52.1
D 0000.159 17.3  52.2
D 0000.158 16.4  51.9
D 0000.159 16.8  52.0
D 0000.159 16.4  51.6
D 0000.159 17.1  52.0
D 0000.159 16.7  52.2
# end 10808800
# iTOW 10813000
D 0000.159 17.1  52.2
D 0000.159 16.9  51.8
D 0000.158 17.0  52.6
D 0000.159 17.0  52.2
D 0000.159 17.0  52.5
D 0000.158 17.4  52.5
D 0000.158 17.4  51.9
D 0000.159 16.7  52.4
D 0000.158 16.9  52.5
D 0000.159 16.8  51.9
D 0000.159 16.9  51.9
D 0000.158 17.2  51.8
D 0000.158 17.1  51.7
D 0000.159 17.1  52.3
D 0000.159 17.1  51.9
D 0000.158 16.8  51.9
D 0000.158 17.2  52.7
D 0000.159 17.0  52.6
D 0000.158 17.0  52.2
D 0000.159 17.1  52.3
D 0000.159 16.8  52.2
D 0000.158 17.1  52.1
# end 10813000
# iTOW 10817400
D 0000.158 16.4  51.7
D 0000.158 16.9  52.3
D 0000.159 17.2  51.8
D 0000.159 16.9  51.9
D 0000.158 16.9  52.5
D 0000.158 17.1  52.2
D 0000.158 17.0  52.3
D 0000.159 17.0  52.6
D 0000.159 16.8  51.9
D 0000.159 17.2  52.2
D 0000.158 16.4  52.5
D 0000.158 16.0  52.0
D 0000.159 16.9  51.9
D 0000.158 16.4  51.9
D 0000.158 17.0  52.5
D 0000.158 17.1  52.5
D 0000.159 17.3  52.5
D 0000.158 16.8  51.5
D 0000.159 16.7  52.0
D 0000.159 16.6  53.0
D 0000.158 17.0  52.1
D 0000.159 17.2  51.7
# end 10817400
# iTOW 10821800
D 0000.158 16.9  52.4
D 0000.159 17.0  52.3
D 0000.158 16.8  52.7
D 0000.158 16.8  52.2
D 0000.158 17.1  51.7
D 0000.159 17.2  52.5
D 0000.159 16.7  52.6
D 0000.159 17.0  52.1
D 0000.158 16.1  52.1
D 0000.159 17.2  52.1
D 0000.159 17.1  52.1
D 0000.159 17.0  52.5
D 0000.158 17.2  51.7
D 0000.158 17.1  52.0
D 0000.158 16.6  52.3
D 0000.159 16.9  52.4
D 0000.158 16.7  51.8
D 0000.158 17.2  52.6
D 0000.159 17.1  52.5
D 0000.158 17.0  51.9
D 0000.159 16.9  52.3
D 0000.159 17.1  51.7
# end 10821800
# iTOW 10826000
D 0000.159 16.8  51.7
D 0000.158 17.2  51.9
D 0000.158 16.9  52.0
D 0000.159 17.3  52.6
D 0000.159 17.2  52.5
D 0000.159 17.0  52.2
D 0000.158 17.0  52.0
D 0000.159 17.0  52.1
D 0000.158 17.2  52.4
D 0000.159 17.3  52.3
D 0000.159 17.4  52.4
D 0000.158 16.9  52.2
D 0000.159 17.0  52.5
D 0000.159 16.4  52.5
D 0000.159 16.8  52.0
D 0000.159 17.2  52.7
D 0000.158 16.8  52.8
D 0000.158 16.8  52.4
D 0000.159 16.9  52.1
D 0000.159 16.9  52.7
D 0000.159 16.7  52.2
D 0000.158 16.4  52.0
# end 10826000
# iTOW 10830200
D 0000.159 17.2  52.0
D 0000.159 17.2  51.6
D 0000.159 17.1  52.6
D 0000.158 16.0  52.9
D 0000.158 16.4  52.3
D 0000.159 16.7  51.5
D 0000.159 17.1  52.5
D 0000.158 16.8  52.1
D 0000.159 16.8  52.8
D 0000.159 17.0  52.4
D 0000.159 17.2  52.5
D 0000.159 16.8  52.4
D 0000.159 17.1  52.4
D 0000.158 17.2  51.9
D 0000.158 17.3  52.7
D 0000.159 16.9  52.0
D 0000.158 17.0  52.6
D 0000.159 17.2  51.9
D 0000.158 16.6  52.3
D 0000.158 17.1  51.9
D 0000.158 17.3  52.4
D 0000.159 17.0  52.1
# end 10830200
# iTOW 10834400
D 0000.159 17.3  52.2
D 0000.158 16.8  52.8
D 0000.158 16.4  52.6
D 0000.158 16.9  52.7
D 0000.159 16.9  52.7
D 0000.159 16.6  52.2
D 0000.159 17.0  52.2
D 0000.158 17.2  52.2
D 0000.159 16.9  52.1
D 0000.158 17.0  52.2
D 0000.159 17.1  51.7
D 0000.158 16.9  51.6
D 0000.159 17.1  51.6
D 0000.159 16.9  52.3
D 0000.158 16.2  51.7
D 0000.159 17.1  52.7
D 0000.159 16.0  52.0
D 0000.158 16.6  51.9
D 0000.159 16.9  51.4
D 0000.159 17.4  51.9
D 0000.158 17.1  51.8
D 0000.158 17.3  51.9
# end 10834400
# iTOW 10838800
D 0000.159 16.4  51.9
D 0000.159 16.7  51.8
D 0000.159 16.4  52.5
D 0000.159 16.9  52.0
D 0000.158 17.0  51.3
D 0000.159 17.1  52.3
D 0000.159 17.3  52.2
D 0000.159 17.4  51.6
D 0000.158 16.9  52.0
D 0000.158 16.8  51.9
D 0000.158 17.2  51.2
D 0000.158 17.1  52.5
D 0000.158 16.9  52.0
D 0000.159 16.6  52.1
D 0000.158 16.9  52.3
D 0000.159 16.8  51.9
D 0000.158 17.0  52.3
D 0000.159 16.4  52.2
D 0000.158 16.4  52.3
D 0000.158 16.8  52.2
D 0000.158 16.7  52.6
D 0000.158 17.1  52.0
# end 10838800
# iTOW 10843200
D 0000.158 17.1  52.3
D 0000.159 16.8  51.7
D 0000.159 17.0  52.2
D 0000.158 17.3  51.9
D 0000.159 16.8  51.9
D 0000.159 16.8  52.1
D 0000.158 17.5  52.3
D 0000.159 16.6  51.8
D 0000.158 16.8  52.4
D 0000.159 16.8  51.8
D 0000.158 16.9  52.2
D 0000.159 16.9  52.2
D 0000.158 16.7  52.1
D 0000.158 16.4  51.9
D 0000.158 16.7  52.5
D 0000.159 16.8  52.8
D 0000.158 16.1  52.0
D 0000.158 16.7  52.5
D 0000.158 17.3  52.7
D 0000.159 16.6  52.2
D 0000.158 16.8  52.0
D 0000.158 17.0  52.5
# end 10843200
# iTOW 10847600
D 0000.159 17.3  52.2
D 0000.159 16.9  52.6
D 0000.159 16.4  52.2
D 0000.159 16.1  52.4
D 0000.159 16.8  52.0
D 0000.159 16.8  51.9
D 0000.158 17.2  52.0
D 0000.158 16.2  51.7
D 0000.159 16.8  51.5
D 0000.159 16.7  52.7
D 0000.159 17.2  52.0
D 0000.158 15.9  52.2
D 0000.159 17.3  52.5
D 0000.159 16.9  52.3
D 0000.159 16.4  52.3
D 0000.159 17.0  51.7
D 0000.158 16.4  52.3
D 0000.158 16.4  52.1
D 0000.159 17.1  52.1
D 0000.159 17.2  51.5
D 0000.159 16.9  52.1
D 0000.158 17.1  52.0
# end 10847600
# iTOW 10862400
D 0000.158 17.0  51.6
D 0000.159 16.6  52.1
D 0000.159 17.0  52.1
D 0000.159 16.9  51.9
D 0000.159 16.7  52.2
D 0000.159 16.4  51.6
D 0000.159 16.8  51.9
D 0000.158 17.1  52.4
D 0000.158 16.0  51.7
D 0000.159 17.2  52.3
D 0000.158 16.9  52.5
D 0000.159 16.4  52.4
D 0000.159 16.4  52.4
D 0000.158 17.1  52.6
D 0000.159 17.0  52.0
D 0000.159 16.8  51.7
D 0000.159 16.6  51.9
D 0000.159 17.1  52.3
D 0000.158 16.8  51.9
D 0000.158 17.5  51.9
D 0000.158 17.3  52.0
D 0000.159 16.6  52.2
# end 10862400
# iTOW 10866600
D 0000.159 16.8  52.8
D 0000.158 16.9  52.5
D 0000.158 17.1  51.9
D 0000.159 17.0  51.7
D 0000.158 17.1  51.8
D 0000.159 16.4  52.6
D 0000.159 17.1  52.2
D 0000.158 16.8  52.2
D 0000.159 17.1  51.7
D 0000.159 16.4  52.3
D 0000.159 17.1  52.8
D 0000.159 17.0  52.2
D 0000.158 16.7  52.5
D 0000.159 16.7  51.9
D 0000.159 17.0  52.3
D 0000.159 16.4  52.3
D 0000.159 16.8  52.0
D 0000.158 17.1  52.2
D 0000.158 16.7  51.9
D 0000.159 16.4  52.2
D 0000.159 16.4  51.7
D 0000.159 17.0  52.2
# end 10866600
# iTOW 10871000
D 0000.159 16.9  52.4
D 0000.158 16.4  52.3
D 0000.159 16.4  52.0
D 0000.159 17.0  52.2
D 0000.159 16.6  51.7
D 0000.159 17.1  52.3
D 0000.158 16.8  52.5
D 0000.159 16.4  52.0
D 0000.159 16.9  52.2
D 0000.159 17.3  52.7
D 0000.158 16.8  51.7
D 0000.158 16.4  52.0
D 0000.159 17.1  52.0
D 0000.158 16.0  52.0
D 0000.158 17.1  52.3
D 0000.159 17.2  52.5
D 0000.158 16.6  52.2
D 0000.159 17.1  52.2
D 0000.159 17.3  51.7
D 0000.158 17.1  52.0
D 0000.158 16.7  51.6
D 0000.159 16.8  52.0
# end 10871000
# iTOW 10875200
D 0000.159 16.8  53.0
D 0000.159 17.1  51.5
D 0000.158 16.8  52.0
D 0000.159 17.0  52.4
D 0000.159 16.8  52.5
D 0000.158 17.1  52.0
D 0000.159 16.1  52.1
D 0000.158 17.0  52.3
D 0000.158 17.0  51.6
D 0000.159 16.6  52.6
D 0000.159 16.9  52.1
D 0000.158 16.9  52.3
D 0000.158 17.3  51.7
D 0000.159 17.2  52.2
D 0000.158 17.3  51.5
D 0000.159 17.5  52.4
D 0000.159 16.7  52.1
D 0000.158 16.4  51.5
D 0000.158 16.9  52.8
D 0000.158 17.0  51.9
D 0000.158 16.4  51.6
D 0000.159 17.0  52.5
# end 10875200
# iTOW 10879600
D 0000.159 17.2  52.1
D 0000.158 16.8  51.7
D 0000.158 16.7  51.8
D 0000.158 17.2  51.9
D 0000.159 17.0  52.2
D 0000.158 16.4  52.2
D 0000.158 17.0  51.5
D 0000.158 16.9  52.7
D 0000.159 16.9  51.9
D 0000.159 16.8  51.9
D 0000.159 16.8  52.5
D 0000.158 16.9  52.6
D 0000.159 17.3  52.5
D 0000.158 16.6  51.7
D 0000.158 17.4  52.1
D 0000.159 16.4  53.0
D 0000.159 17.4  52.5
D 0000.158 17.4  52.8
D 0000.159 17.1  51.8
D 0000.159 16.9  52.7
D 0000.159 16.6  52.0
D 0000.158 16.6  52.7
# end 10879600
# iTOW 10883800
D 0000.158 17.0  52.2
D 0000.158 17.2  52.5
D 0000.159 17.0  51.9
D 0000.158 17.0  51.9
D 0000.159 17.0  52.5
D 0000.159 17.1  51.9
D 0000.159 17.2  52.3
D 0000.159 16.7  52.2
D 0000.158 17.2  52.3
D 0000.158 17.1  52.0
D 0000.159 17.1  51.8
D 0000.158 16.8  52.0
D 0000.159 16.9  52.1
D 0000.158 17.1  52.0
D 0000.159 17.2  52.1
D 0000.159 16.0  51.5
D 0000.159 16.9  52.0
D 0000.159 17.2  52.2
D 0000.158 17.1  51.7
D 0000.158 16.6  52.2
D 0000.159 17.3  51.7
D 0000.159 16.9  52.5
# end 10883800
# iTOW 10888000
D 0000.159 17.0  52.0
D 0000.158 16.9  52.8
D 0000.158 16.2  51.8
D 0000.159 17.0  52.6
D 0000.159 17.5  51.9
D 0000.158 17.0  51.7
D 0000.158 16.9  51.8
D 0000.158 16.4  52.3
D 0000.158 16.4  52.3
D 0000.159 17.2  51.9
D 0000.159 16.7  51.6
D 0000.159 17.0  52.0
D 0000.159 17.1  52.5
D 0000.159 16.8  52.0
D 0000.158 16.8  52.2
D 0000.159 16.8  52.5
D 0000.158 16.7  52.1
D 0000.159 17.0  52.0
D 0000.158 17.1  51.5
D 0000.159 16.9  52.2
D 0000.159 16.6  52.5
D 0000.158 17.1  52.3
# end 10888000
# iTOW 10892400
D 0000.158 16.7  52.0
D 0000.159 16.8  52.5
D 0000.159 17.3  52.0
D 0000.159 17.2  51.7
D 0000.159 16.2  51.7
D 0000.158 16.6  52.5
D 0000.159 17.0  52.5
D 0000.159 16.4  51.7
D 0000.158 16.9  52.5
D 0000.159 16.8  51.6
D 0000.158 16.4  52.2
D 0000.158 17.0  52.8
D 0000.159 17.0  51.7
D 0000.158 16.1  52.0
D 0000.158 16.4  51.9
D 0000.158 17.1  52.7
D 0000.159 16.4  52.5
D 0000.158 16.2  52.6
D 0000.159 16.2  51.7
D 0000.159 17.1  52.6
D 0000.158 17.0  52.5
D 0000.158 16.9  52.8
# end 10892400
# iTOW 10896800
D 0000.159 17.4  51.4
D 0000.158 16.7  52.0
D 0000.158 17.1  51.2
D 0000.158 16.8  52.3
D 0000.159 16.4  51.6
D 0000.159 17.1  52.3
D 0000.159 16.8  51.7
D 0000.159 17.3  52.0
D 0000.158 16.9  51.6
D 0000.159 16.4  52.3
D 0000.158 16.4  51.9
D 0000.159 17.0  51.9
D 0000.159 16.4  52.0
D 0000.159 17.0  52.2
D 0000.159 16.9  52.5
D 0000.159 16.6  52.2
D 0000.159 17.5  51.6
D 0000.158 16.7  51.7
D 0000.159 16.4  52.6
D 0000.159 17.1  51.5
D 0000.159 16.7  51.5
D 0000.158 16.7  51.9
# end 10896800
# iTOW 10901000
D 0000.159 16.8  52.2
D 0000.158 17.2  51.7
D 0000.158 16.8  52.9
D 0000.159 17.4  52.0
D 0000.159 17.2  52.1
D 0000.158 16.9  52.1
D 0000.158 16.7  51.8
D 0000.159 17.0  51.9
D 0000.159 17.0  52.5
D 0000.159 17.0  51.9
D 0000.158 17.7  52.0
D 0000.159 17.0  52.2
D 0000.158 16.7  52.1
D 0000.159 16.8  52.7
D 0000.159 17.3  51.9
D 0000.158 16.4  52.2
D 0000.159 16.4  51.9
D 0000.158 17.0  53.2
D 0000.159 16.9  51.7
D 0000.159 16.4  52.8
D 0000.159 17.1  52.2
D 0000.158 17.1  51.7
# end 10901000
# iTOW 10905200
D 0000.159 17.1  52.7
D 0000.159 16.9  51.7
D 0000.159 17.1  51.7
D 0000.159 16.4  51.9
D 0000.159 16.9  51.6
D 0000.158 16.7  52.4
D 0000.159 16.8  52.5
D 0000.159 17.2  52.0
D 0000.158 16.0  52.7
D 0000.158 16.9  52.5
D 0000.159 17.0  52.3
D 0000.158 17.4  51.5
D 0000.159 16.8  52.1
D 0000.158 17.2  52.5
D 0000.159 16.7  52.4
D 0000.158 16.8  51.7
D 0000.159 16.7  52.7
D 0000.158 17.1  51.8
D 0000.159 17.1  52.6
D 0000.158 17.0  52.8
D 0000.159 17.0  52.6
D 0000.159 17.0  51.9
# end 10905200
# iTOW 10909600
D 0000.159 17.2  51.6
D 0000.159 17.2  52.3
D 0000.158 17.1  52.0
D 0000.159 16.9  51.3
D 0000.158 16.0  51.3
D 0000.159 17.2  52.1
D 0000.158 16.9  52.8
D 0000.159 16.9  51.5
D 0000.158 17.2  51.7
D 0000.158 16.2  52.1
D 0000.159 16.4  52.2
D 0000.158 17.0  52.2
D 0000.159 16.9  52.0
D 0000.159 16.9  51.9
D 0000.159 17.3  51.9
D 0000.158 17.0  51.9
D 0000.158 17.8  51.1
D 0000.158 17.1  52.5
D 0000.159 16.7  51.7
D 0000.159 16.9  52.1
D 0000.159 16.9  52.2
D 0000.159 16.9  51.7
# end 10909600
# iTOW 10913800
D 0000.158 16.9  51.9
D 0000.159 16.8  51.9
D 0000.158 16.8  51.8
D 0000.159 17.0  52.3
D 0000.158 16.2  52.0
D 0000.158 17.1  52.6
D 0000.158 17.2  52.0
D 0000.159 16.9  51.7
D 0000.159 17.2  51.4
D 0000.159 17.2  52.7
D 0000.159 17.1  51.4
D 0000.159 16.6  52.3
D 0000.159 16.8  52.0
D 0000.159 17.1  51.9
D 0000.158 17.0  52.5
D 0000.158 16.8  52.2
D 0000.159 17.2  51.6
D 0000.159 16.7  51.2
D 0000.159 16.7  52.2
D 0000.159 16.9  51.5
D 0000.159 17.3  51.7
D 0000.159 16.8  52.1
# end 10913800
# iTOW 10918200
D 0000.159 17.2  52.0
D 0000.159 16.7  51.1
D 0000.158 16.8  51.7
D 0000.159 17.2  51.7
D 0000.158 17.2  52.6
D 0000.159 17.2  52.3
D 0000.159 17.2  53.0
D 0000.159 17.4  52.8
D 0000.158 16.4  52.0
D 0000.159 16.8  52.0
D 0000.159 17.1  52.2
D 0000.159 16.8  52.1
D 0000.159 16.9  52.3
D 0000.159 17.0  52.2
D 0000.159 17.3  51.5
D 0000.159 16.8  51.9
D 0000.159 16.8  52.5
D 0000.159 16.7  52.0
D 0000.158 16.8  51.5
D 0000.159 17.6  52.2
D 0000.159 16.9  51.7
D 0000.158 16.8  52.5
# end 10918200
# iTOW 10922400
D 0000.158 17.0  52.5
D 0000.158 16.4  52.6
D 0000.159 16.4  52.8
D 0000.158 17.0  52.2
D 0000.158 17.2  52.3
D 0000.159 17.1  52.3
D 0000.159 16.9  52.0
D 0000.158 16.2  51.2
D 0000.159 17.2  51.7
D 0000.159 17.1  52.3
D 0000.159 17.2  52.4
D 0000.158 17.3  52.2
D 0000.159 17.0  52.2
D 0000.158 17.1  52.0
D 0000.159 16.8  52.1
D 0000.158 17.4  52.5
D 0000.158 17.2  52.1
D 0000.159 17.0  51.9
D 0000.159 17.0  52.3
D 0000.158 17.0  51.7
D 0000.158 16.9  52.4
D 0000.158 17.2  52.9
# end 10922400
# iTOW 10926800
D 0000.158 16.6  52.5
D 0000.159 16.2  52.1
D 0000.159 17.1  52.7
D 0000.159 16.8  51.9
D 0000.158 17.0  51.7
D 0000.159 16.8  52.3
D 0000.159 16.6  52.2
D 0000.159 16.8  51.9
D 0000.159 16.6  52.6
D 0000.158 17.5  52.3
D 0000.158 16.4  52.2
D 0000.159 17.0  52.3
D 0000.158 16.8  51.9
D 0000.158 17.5  52.2
D 0000.159 16.8  52.1
D 0000.158 16.6  52.5
D 0000.158 16.9  51.6
D 0000.158 17.0  53.0
D 0000.159 16.9  51.9
D 0000.158 15.9  52.2
D 0000.158 17.2  52.0
D 0000.159 16.9  53.0
# end 10926800
# iTOW 10943000
D 0000.158 17.3  52.0
D 0000.159 17.0  52.0
D 0000.159 17.5  52.0
D 0000.159 16.8  52.2
D 0000.159 17.2  52.0
D 0000.159 16.4  52.4
D 0000.159 16.2  51.5
D 0000.160 17.3  52.5
D 0000.159 17.0  52.3
D 0000.159 17.0  52.2
D 0000.159 16.9  52.3
D 0000.159 16.6  51.9
D 0000.160 17.0  52.2
D 0000.159 17.4  52.2
D 0000.159 16.9  51.9
D 0000.158 17.0  52.6
D 0000.159 16.4  51.8
D 0000.159 16.1  52.6
D 0000.159 17.1  51.5
D 0000.159 17.0  51.7
D 0000.159 16.2  52.1
D 0000.159 16.6  52.2
# end 10943000
# iTOW 10947400
D 0000.159 16.8  51.9
D 0000.159 17.0  51.9
D 0000.159 17.0  51.9
D 0000.159 16.6  52.1
D 0000.159 16.2  52.0
D 0000.159 17.0  51.6
D 0000.159 16.8  52.0
D 0000.159 16.9  51.5
D 0000.159 16.8  51.9
D 0000.159 16.9  52.0
D 0000.159 17.0  52.2
D 0000.160 17.1  52.5
D 0000.159 17.2  52.7
D 0000.159 17.2  52.2
D 0000.159 17.4  52.5
D 0000.159 16.9  52.0
D 0000.159 16.2  52.0
D 0000.159 16.6  52.2
D 0000.159 16.6  52.2
D 0000.159 17.3  52.3
D 0000.159 16.4  51.8
D 0000.160 16.7  52.1
# end 10947400
# iTOW 10951600
D 0000.159 17.1  52.1
D 0000.159 17.0  51.8
D 0000.159 16.8  51.9
D 0000.159 17.0  52.3
D 0000.160 17.1  52.0
D 0000.159 16.4  52.5
D 0000.159 16.6  52.5
D 0000.159 17.1  51.8
D 0000.159 17.1  52.0
D 0000.159 17.1  52.1
D 0000.159 17.0  52.2
D 0000.159 16.4  52.0
D 0000.160 17.0  52.0
D 0000.160 17.0  52.4
D 0000.160 17.2  52.2
D 0000.159 17.2  52.0
D 0000.159 17.0  52.3
D 0000.159 16.9  52.2
D 0000.159 16.9  51.7
D 0000.159 16.4  52.0
D 0000.159 16.4  52.5
D 0000.158 17.0  52.2
# end 10951600
# iTOW 10955800
D 0000.159 17.2  52.2
D 0000.159 17.4  51.2
D 0000.159 16.4  52.0
D 0000.159 16.8  52.5
D 0000.160 16.8  52.5
D 0000.159 17.0  51.9
D 0000.160 17.0  52.0
D 0000.159 16.9  51.5
D 0000.159 17.2  52.3
D 0000.159 17.1  51.9
D 0000.159 16.8  51.7
D 0000.159 17.6  52.3
D 0000.160 16.4  52.4
D 0000.159 17.0  52.5
D 0000.159 16.7  52.2
D 0000.159 17.3  52.2
D 0000.160 16.9  51.2
D 0000.160 17.0  52.1
D 0000.159 17.1  51.7
D 0000.158 16.8  52.7
D 0000.159 17.2  52.5
D 0000.159 17.1  52.0
# end 10955800
# iTOW 10960200
D 0000.159 17.0  52.3
D 0000.159 16.1  51.7
D 0000.159 16.7  52.5
D 0000.159 17.4  52.3
D 0000.159 16.7  52.1
D 0000.159 16.8  52.5
D 0000.159 16.6  52.1
D 0000.159 16.8  52.1
D 0000.160 17.0  51.9
D 0000.159 17.3  52.1
D 0000.159 17.1  52.8
D 0000.159 16.7  52.5
D 0000.159 16.9  51.6
D 0000.159 16.2  52.1
D 0000.159 17.4  52.8
D 0000.159 17.6  51.9
D 0000.159 16.8  51.9
D 0000.159 17.2  52.0
D 0000.160 17.4  51.6
D 0000.159 17.0  52.3
D 0000.159 16.7  51.7
D 0000.159 17.1  51.7
# end 10960200
# iTOW 10964600
D 0000.159 17.1  52.2
D 0000.159 17.4  52.6
D 0000.160 16.9  52.0
D 0000.160 17.1  52.2
D 0000.159 17.1  52.5
D 0000.159 16.8  51.9
D 0000.159 16.2  52.0
D 0000.159 16.7  52.2
D 0000.159 16.8  51.9
D 0000.159 15.9  51.8
D 0000.159 17.1  52.1
D 0000.159 17.2  51.9
D 0000.159 16.4  52.5
D 0000.159 16.9  51.8
D 0000.160 16.6  51.9
D 0000.159 17.0  52.6
D 0000.159 16.4  52.3
D 0000.159 16.9  51.4
D 0000.159 16.8  52.7
D 0000.159 16.6  52.8
D 0000.159 17.1  52.1
D 0000.159 16.2  52.7
# end 10964600
# iTOW 10968600
D 0000.158 16.2  51.7
D 0000.159 17.1  52.8
D 0000.159 16.8  52.6
D 0000.158 17.3  52.2
D 0000.159 17.0  52.4
D 0000.159 16.7  52.0
D 0000.160 16.2  51.9
D 0000.159 17.1  52.5
D 0000.159 17.1  52.5
D 0000.159 17.2  51.7
D 0000.159 16.6  52.0
D 0000.160 16.6  52.6
D 0000.159 17.3  51.7
D 0000.159 17.1  51.9
D 0000.159 17.1  52.8
D 0000.159 16.6  52.4
D 0000.160 16.8  52.3
D 0000.159 16.1  52.3
D 0000.160 17.1  51.9
D 0000.159 16.9  52.6
D 0000.159 17.0  51.9
D 0000.159 17.0  52.0
# end 10968600
# iTOW 10973000
D 0000.159 17.0  51.7
D 0000.159 17.0  52.3
D 0000.159 16.7  51.9
D 0000.159 17.1  51.9
D 0000.160 17.0  52.3
D 0000.159 16.8  52.1
D 0000.160 16.7  51.9
D 0000.159 17.1  51.9
D 0000.160 17.0  52.5
D 0000.159 16.4  52.8
D 0000.159 16.1  52.2
D 0000.159 16.9  51.9
D 0000.159 17.1  52.2
D 0000.159 16.6  52.3
D 0000.159 16.4  52.5
D 0000.159 17.2  52.5
D 0000.159 16.9  52.0
D 0000.159 17.0  51.7
D 0000.159 17.2  51.9
D 0000.159 17.1  52.5
D 0000.159 16.4  51.7
D 0000.158 16.8  51.6
# end 10973000
# iTOW 10977200
D 0000.159 17.0  52.1
D 0000.158 16.1  51.7
D 0000.160 17.0  51.6
D 0000.159 17.2  52.4
D 0000.159 16.7  52.3
D 0000.159 16.8  52.4
D 0000.159 16.9  51.9
D 0000.159 17.1  52.4
D 0000.159 16.1  52.6
D 0000.158 17.1  52.1
D 0000.159 17.0  52.5
D 0000.159 17.2  51.6
D 0000.159 16.0  51.9
D 0000.159 16.8  52.7
D 0000.159 16.7  51.9
D 0000.159 16.9  51.7
D 0000.160 17.0  52.6
D 0000.160 16.2  52.3
D 0000.159 17.5  51.9
D 0000.159 16.8  52.1
D 0000.159 17.4  51.9
D 0000.159 17.1  51.5
# end 10977200
# iTOW 10981600
D 0000.159 16.6  51.7
D 0000.159 16.9  52.1
D 0000.159 16.8  51.7
D 0000.159 17.1  52.1
D 0000.159 16.2  51.8
D 0000.159 17.3  51.6
D 0000.159 17.1  52.0
D 0000.159 17.0  52.0
D 0000.159 16.6  51.5
D 0000.159 17.0  52.3
D 0000.159 16.2  52.2
D 0000.159 16.7  52.0
D 0000.159 16.8  51.5
D 0000.159 16.9  52.3
D 0000.160 17.6  52.0
D 0000.159 16.9  51.5
D 0000.159 17.2  52.1
D 0000.159 16.7  52.6
D 0000.160 17.3  51.4
D 0000.160 16.4  52.5
D 0000.159 16.9  52.1
D 0000.159 17.1  51.9
# end 10981600
# iTOW 10986000
D 0000.159 16.7  51.6
D 0000.159 17.8  52.2
D 0000.159 16.0  51.9
D 0000.159 17.2  52.8
D 0000.159 17.0  52.2
D 0000.159 17.3  51.9
D 0000.159 17.1  52.5
D 0000.160 17.0  51.5
D 0000.159 17.0  52.0
D 0000.159 17.1  51.9
D 0000.159 16.7  52.1
D 0000.159 17.0  51.4
D 0000.160 16.9  52.0
D 0000.159 16.8  52.1
D 0000.160 17.0  52.3
D 0000.158 17.1  51.7
D 0000.159 16.1  52.3
D 0000.159 16.9  52.0
D 0000.159 17.0  52.0
D 0000.159 17.2  52.7
D 0000.159 17.1  52.0
D 0000.159 16.8  51.6
# end 10986000
# iTOW 10990200
D 0000.159 16.4  52.5
D 0000.159 16.8  51.7
D 0000.159 17.2  52.0
D 0000.159 16.0  51.9
D 0000.159 17.2  51.6
D 0000.159 17.4  52.3
D 0000.160 16.7  51.7
D 0000.159 17.0  52.3
D 0000.159 16.8  52.1
D 0000.159 16.4  52.6
D 0000.159 16.4  51.7
D 0000.159 17.4  51.5
D 0000.159 16.4  52.3
D 0000.159 16.9  51.7
D 0000.160 17.4  51.5
D 0000.159 16.9  52.0
D 0000.159 16.4  52.0
D 0000.159 16.7  52.2
D 0000.159 15.9  51.9
D 0000.159 16.6  51.4
D 0000.160 17.2  52.1
D 0000.159 17.1  51.8
# end 10990200
# iTOW 10994400
D 0000.159 16.8  52.5
D 0000.159 16.8  51.9
D 0000.159 16.8  52.0
D 0000.159 16.9  51.7
D 0000.160 17.1  52.0
D 0000.159 17.2  52.0
D 0000.159 17.0  51.2
D 0000.159 17.0  52.5
D 0000.159 17.0  52.2
D 0000.159 17.0  52.0
D 0000.159 16.8  52.7
D 0000.159 16.8  52.7
D 0000.159 17.1  51.6
D 0000.159 16.8  51.9
D 0000.159 17.2  52.6
D 0000.159 16.8  51.9
D 0000.159 17.2  51.7
D 0000.159 16.8  52.3
D 0000.159 17.0  51.8
D 0000.159 16.9  52.0
D 0000.159 16.8  52.1
D 0000.158 17.0  52.2
# end 10994400
# iTOW 10999000
D 0000.159 16.8  52.0
D 0000.159 16.8  51.8
D 0000.159 16.9  51.9
D 0000.159 17.1  52.3
D 0000.158 17.0  51.4
D 0000.158 16.9  52.2
D 0000.159 16.4  51.5
D 0000.159 16.8  52.5
D 0000.159 17.2  51.8
D 0000.159 16.2  51.7
D 0000.159 17.5  52.1
D 0000.159 16.9  51.5
D 0000.160 17.3  52.0
D 0000.159 16.8  52.5
D 0000.160 16.4  51.9
D 0000.159 16.4  52.1
D 0000.159 17.0  52.0
D 0000.159 17.3  51.7
D 0000.159 16.8  51.6
D 0000.159 16.9  51.9
D 0000.159 16.4  51.3
D 0000.160 17.2  52.0
# end 10999000
# iTOW 11014000
D 0000.159 16.7  51.9
D 0000.159 16.7  52.2
D 0000.159 17.0  53.0
D 0000.159 17.0  51.6
D 0000.160 17.0  51.5
D 0000.159 17.0  52.4
D 0000.159 17.0  52.0
D 0000.159 17.1  51.6
D 0000.159 16.6  52.2
D 0000.159 17.4  52.0
D 0000.159 16.2  51.9
D 0000.159 16.9  51.9
D 0000.159 16.9  52.3
D 0000.160 16.7  52.1
D 0000.159 17.1  51.7
D 0000.159 16.9  52.5
D 0000.158 17.0  52.2
D 0000.159 17.2  51.8
D 0000.159 17.0  51.8
D 0000.159 17.3  51.2
D 0000.159 16.1  52.2
D 0000.159 16.8  52.3
# end 11014000
# iTOW 11018200
D 0000.159 16.9  52.0
D 0000.159 17.5  52.2
D 0000.159 17.1  52.6
D 0000.159 16.8  52.1
D 0000.159 17.0  52.5
D 0000.159 16.4  52.3
D 0000.159 16.6  52.0
D 0000.159 16.4  51.8
D 0000.159 16.6  52.1
D 0000.159 17.2  51.4
D 0000.159 17.2  52.0
D 0000.159 16.9  52.2
D 0000.159 16.7  51.9
D 0000.159 17.0  51.4
D 0000.159 17.0  52.2
D 0000.159 17.1  51.5
D 0000.159 16.9  51.2
D 0000.159 17.2  51.7
D 0000.159 17.2  52.3
D 0000.159 17.0  52.0
D 0000.159 17.0  52.3
D 0000.160 17.2  52.8
# end 11018200
# iTOW 11022600
D 0000.159 17.2  52.3
D 0000.159 17.2  51.9
D 0000.159 17.0  52.0
D 0000.159 17.2  52.0
D 0000.160 16.9  52.0
D 0000.159 16.8  51.9
D 0000.159 16.6  52.3
D 0000.159 17.0  52.2
D 0000.159 16.4  51.9
D 0000.159 16.7  51.2
D 0000.159 16.8  52.1
D 0000.159 17.0  51.7
D 0000.160 16.7  52.0
D 0000.159 16.8  52.3
D 0000.159 16.9  51.9
D 0000.159 17.0  52.3
D 0000.159 16.6  51.9
D 0000.159 16.6  52.2
D 0000.159 17.0  52.3
D 0000.159 16.4  51.9
D 0000.159 16.8  52.5
D 0000.159 16.9  52.2
# end 11022600
# iTOW 11026800
D 0000.160 16.9  52.5
D 0000.159 17.2  52.2
D 0000.159 17.0  52.3
D 0000.159 17.0  51.9
D 0000.159 16.8  52.5
D 0000.159 17.1  51.6
D 0000.159 16.1  52.0
D 0000.159 16.9  52.2
D 0000.159 17.0  52.2
D 0000.159 16.8  52.5
D 0000.159 16.7  52.3
D 0000.159 17.0  51.8
D 0000.159 16.6  51.5
D 0000.159 17.0  52.0
D 0000.159 16.4  51.7
D 0000.159 16.5  52.2
D 0000.159 16.5  52.3
D 0000.159 17.1  52.3
D 0000.160 17.1  52.0
D 0000.159 16.8  51.7
D 0000.159 16.9  51.9
D 0000.159 16.7  51.8
# end 11026800
# iTOW 11044000
D 0000.159 16.8  51.6
D 0000.159 17.0  52.0
D 0000.159 17.1  52.2
D 0000.159 16.2  52.2
D 0000.158 16.4  51.7
D 0000.159 16.7  51.7
D 0000.159 17.1  51.9
D 0000.159 16.8  52.1
D 0000.159 17.2  51.6
D 0000.159 17.0  52.0
D 0000.160 17.0  52.1
D 0000.159 16.0  51.9
D 0000.159 16.8  52.3
D 0000.159 17.3  51.5
D 0000.159 16.6  51.7
D 0000.159 16.7  52.4
D 0000.159 17.2  52.1
D 0000.159 16.6  51.8
D 0000.159 16.7  52.4
D 0000.159 17.4  52.2
D 0000.159 17.2  51.7
D 0000.159 17.2  52.4
# end 11044000
